x-axis,1,2
second,Volt,Volt
-10.000000E+00,,
-9.995000E+00,,
-9.990000E+00,,
-9.985000E+00,+1.640578E+00,+1.416080E+00
-9.980000E+00,+1.720980E+00,+1.432161E+00
-9.975000E+00,+1.656658E+00,+1.472362E+00
-9.970000E+00,+1.656658E+00,+1.424121E+00
-9.965000E+00,+1.656658E+00,+1.456281E+00
-9.960000E+00,+1.672739E+00,+1.432161E+00
-9.955000E+00,+1.696859E+00,+1.464322E+00
-9.950000E+00,+1.696859E+00,+1.432161E+00
-9.945000E+00,+1.696859E+00,+1.472362E+00
-9.940000E+00,+1.696859E+00,+1.472362E+00
-9.935000E+00,+1.680779E+00,+1.480402E+00
-9.930000E+00,+1.664698E+00,+1.472362E+00
-9.925000E+00,+1.656658E+00,+1.512563E+00
-9.920000E+00,+1.640578E+00,+1.472362E+00
-9.915000E+00,+1.656658E+00,+1.488442E+00
-9.910000E+00,+1.672739E+00,+1.512563E+00
-9.905000E+00,+1.688819E+00,+1.504523E+00
-9.900000E+00,+1.656658E+00,+1.552764E+00
-9.895000E+00,+1.696859E+00,+1.472362E+00
-9.890000E+00,+1.712940E+00,+1.472362E+00
-9.885000E+00,+1.696859E+00,+1.488442E+00
-9.880000E+00,+1.696859E+00,+1.512563E+00
-9.875000E+00,+1.696859E+00,+1.472362E+00
-9.870000E+00,+1.696859E+00,+1.504523E+00
-9.865000E+00,+1.753141E+00,+1.512563E+00
-9.860000E+00,+1.737060E+00,+1.512563E+00
-9.855000E+00,+1.704899E+00,+1.512563E+00
-9.850000E+00,+1.696859E+00,+1.472362E+00
-9.845000E+00,+1.777261E+00,+1.544724E+00
-9.840000E+00,+1.737060E+00,+1.512563E+00
-9.835000E+00,+1.753141E+00,+1.536683E+00
-9.830000E+00,+1.745100E+00,+1.544724E+00
-9.825000E+00,+1.817462E+00,+1.512563E+00
-9.820000E+00,+1.785301E+00,+1.512563E+00
-9.815000E+00,+1.777261E+00,+1.528643E+00
-9.810000E+00,+1.793342E+00,+1.528643E+00
-9.805000E+00,+1.817462E+00,+1.552764E+00
-9.800000E+00,+1.777261E+00,+1.552764E+00
-9.795000E+00,+1.777261E+00,+1.520603E+00
-9.790000E+00,+1.793342E+00,+1.552764E+00
-9.785000E+00,+1.801382E+00,+1.528643E+00
-9.780000E+00,+1.817462E+00,+1.520603E+00
-9.775000E+00,+1.817462E+00,+1.512563E+00
-9.770000E+00,+1.809422E+00,+1.544724E+00
-9.765000E+00,+1.817462E+00,+1.552764E+00
-9.760000E+00,+1.809422E+00,+1.560804E+00
-9.755000E+00,+1.817462E+00,+1.520603E+00
-9.750000E+00,+1.777261E+00,+1.512563E+00
-9.745000E+00,+1.817462E+00,+1.560804E+00
-9.740000E+00,+1.833543E+00,+1.488442E+00
-9.735000E+00,+1.793342E+00,+1.536683E+00
-9.730000E+00,+1.809422E+00,+1.512563E+00
-9.725000E+00,+1.777261E+00,+1.552764E+00
-9.720000E+00,+1.817462E+00,+1.512563E+00
-9.715000E+00,+1.817462E+00,+1.552764E+00
-9.710000E+00,+1.793342E+00,+1.528643E+00
-9.705000E+00,+1.753141E+00,+1.552764E+00
-9.700000E+00,+1.777261E+00,+1.552764E+00
-9.695000E+00,+1.777261E+00,+1.552764E+00
-9.690000E+00,+1.817462E+00,+1.552764E+00
-9.685000E+00,+1.817462E+00,+1.552764E+00
-9.680000E+00,+1.841583E+00,+1.552764E+00
-9.675000E+00,+1.817462E+00,+1.552764E+00
-9.670000E+00,+1.785301E+00,+1.560804E+00
-9.665000E+00,+1.777261E+00,+1.560804E+00
-9.660000E+00,+1.777261E+00,+1.592965E+00
-9.655000E+00,+1.785301E+00,+1.625126E+00
-9.650000E+00,+1.817462E+00,+1.552764E+00
-9.645000E+00,+1.809422E+00,+1.592965E+00
-9.640000E+00,+1.777261E+00,+1.576884E+00
-9.635000E+00,+1.793342E+00,+1.592965E+00
-9.630000E+00,+1.817462E+00,+1.592965E+00
-9.625000E+00,+1.777261E+00,+1.552764E+00
-9.620000E+00,+1.777261E+00,+1.592965E+00
-9.615000E+00,+1.761181E+00,+1.617085E+00
-9.610000E+00,+1.777261E+00,+1.641206E+00
-9.605000E+00,+1.777261E+00,+1.592965E+00
-9.600000E+00,+1.777261E+00,+1.552764E+00
-9.595000E+00,+1.769221E+00,+1.592965E+00
-9.590000E+00,+1.737060E+00,+1.633166E+00
-9.585000E+00,+1.737060E+00,+1.633166E+00
-9.580000E+00,+1.769221E+00,+1.625126E+00
-9.575000E+00,+1.777261E+00,+1.633166E+00
-9.570000E+00,+1.737060E+00,+1.633166E+00
-9.565000E+00,+1.737060E+00,+1.617085E+00
-9.560000E+00,+1.753141E+00,+1.609045E+00
-9.555000E+00,+1.745100E+00,+1.633166E+00
-9.550000E+00,+1.777261E+00,+1.673367E+00
-9.545000E+00,+1.704899E+00,+1.665327E+00
-9.540000E+00,+1.737060E+00,+1.633166E+00
-9.535000E+00,+1.720980E+00,+1.649246E+00
-9.530000E+00,+1.769221E+00,+1.665327E+00
-9.525000E+00,+1.696859E+00,+1.633166E+00
-9.520000E+00,+1.737060E+00,+1.665327E+00
-9.515000E+00,+1.672739E+00,+1.673367E+00
-9.510000E+00,+1.656658E+00,+1.633166E+00
-9.505000E+00,+1.696859E+00,+1.673367E+00
-9.500000E+00,+1.737060E+00,+1.633166E+00
-9.495000E+00,+1.696859E+00,+1.641206E+00
-9.490000E+00,+1.656658E+00,+1.697487E+00
-9.485000E+00,+1.656658E+00,+1.649246E+00
-9.480000E+00,+1.616457E+00,+1.641206E+00
-9.475000E+00,+1.656658E+00,+1.673367E+00
-9.470000E+00,+1.624497E+00,+1.633166E+00
-9.465000E+00,+1.656658E+00,+1.649246E+00
-9.460000E+00,+1.656658E+00,+1.649246E+00
-9.455000E+00,+1.624497E+00,+1.673367E+00
-9.450000E+00,+1.616457E+00,+1.633166E+00
-9.445000E+00,+1.616457E+00,+1.665327E+00
-9.440000E+00,+1.616457E+00,+1.657286E+00
-9.435000E+00,+1.608417E+00,+1.649246E+00
-9.430000E+00,+1.648618E+00,+1.689447E+00
-9.425000E+00,+1.616457E+00,+1.633166E+00
-9.420000E+00,+1.616457E+00,+1.665327E+00
-9.415000E+00,+1.616457E+00,+1.657286E+00
-9.410000E+00,+1.616457E+00,+1.657286E+00
-9.405000E+00,+1.656658E+00,+1.665327E+00
-9.400000E+00,+1.616457E+00,+1.673367E+00
-9.395000E+00,+1.624497E+00,+1.665327E+00
-9.390000E+00,+1.592337E+00,+1.649246E+00
-9.385000E+00,+1.616457E+00,+1.673367E+00
-9.380000E+00,+1.616457E+00,+1.673367E+00
-9.375000E+00,+1.616457E+00,+1.633166E+00
-9.370000E+00,+1.624497E+00,+1.641206E+00
-9.365000E+00,+1.632538E+00,+1.657286E+00
-9.360000E+00,+1.616457E+00,+1.657286E+00
-9.355000E+00,+1.624497E+00,+1.649246E+00
-9.350000E+00,+1.616457E+00,+1.673367E+00
-9.345000E+00,+1.616457E+00,+1.641206E+00
-9.340000E+00,+1.656658E+00,+1.673367E+00
-9.335000E+00,+1.640578E+00,+1.673367E+00
-9.330000E+00,+1.616457E+00,+1.673367E+00
-9.325000E+00,+1.656658E+00,+1.633166E+00
-9.320000E+00,+1.648618E+00,+1.641206E+00
-9.315000E+00,+1.616457E+00,+1.657286E+00
-9.310000E+00,+1.632538E+00,+1.633166E+00
-9.305000E+00,+1.656658E+00,+1.673367E+00
-9.300000E+00,+1.616457E+00,+1.673367E+00
-9.295000E+00,+1.616457E+00,+1.649246E+00
-9.290000E+00,+1.592337E+00,+1.673367E+00
-9.285000E+00,+1.592337E+00,+1.633166E+00
-9.280000E+00,+1.640578E+00,+1.633166E+00
-9.275000E+00,+1.616457E+00,+1.633166E+00
-9.270000E+00,+1.640578E+00,+1.665327E+00
-9.265000E+00,+1.640578E+00,+1.673367E+00
-9.260000E+00,+1.616457E+00,+1.649246E+00
-9.255000E+00,+1.616457E+00,+1.633166E+00
-9.250000E+00,+1.616457E+00,+1.673367E+00
-9.245000E+00,+1.616457E+00,+1.633166E+00
-9.240000E+00,+1.616457E+00,+1.617085E+00
-9.235000E+00,+1.640578E+00,+1.673367E+00
-9.230000E+00,+1.616457E+00,+1.633166E+00
-9.225000E+00,+1.616457E+00,+1.633166E+00
-9.220000E+00,+1.616457E+00,+1.665327E+00
-9.215000E+00,+1.592337E+00,+1.673367E+00
-9.210000E+00,+1.640578E+00,+1.673367E+00
-9.205000E+00,+1.656658E+00,+1.641206E+00
-9.200000E+00,+1.616457E+00,+1.633166E+00
-9.195000E+00,+1.616457E+00,+1.673367E+00
-9.190000E+00,+1.656658E+00,+1.657286E+00
-9.185000E+00,+1.616457E+00,+1.625126E+00
-9.180000E+00,+1.648618E+00,+1.665327E+00
-9.175000E+00,+1.616457E+00,+1.673367E+00
-9.170000E+00,+1.656658E+00,+1.633166E+00
-9.165000E+00,+1.632538E+00,+1.681407E+00
-9.160000E+00,+1.616457E+00,+1.633166E+00
-9.155000E+00,+1.616457E+00,+1.673367E+00
-9.150000E+00,+1.616457E+00,+1.592965E+00
-9.145000E+00,+1.584296E+00,+1.633166E+00
-9.140000E+00,+1.624497E+00,+1.657286E+00
-9.135000E+00,+1.616457E+00,+1.657286E+00
-9.130000E+00,+1.624497E+00,+1.665327E+00
-9.125000E+00,+1.616457E+00,+1.633166E+00
-9.120000E+00,+1.648618E+00,+1.665327E+00
-9.115000E+00,+1.616457E+00,+1.633166E+00
-9.110000E+00,+1.624497E+00,+1.633166E+00
-9.105000E+00,+1.624497E+00,+1.633166E+00
-9.100000E+00,+1.616457E+00,+1.633166E+00
-9.095000E+00,+1.584296E+00,+1.673367E+00
-9.090000E+00,+1.656658E+00,+1.673367E+00
-9.085000E+00,+1.616457E+00,+1.657286E+00
-9.080000E+00,+1.616457E+00,+1.641206E+00
-9.075000E+00,+1.576256E+00,+1.633166E+00
-9.070000E+00,+1.584296E+00,+1.641206E+00
-9.065000E+00,+1.640578E+00,+1.649246E+00
-9.060000E+00,+1.616457E+00,+1.649246E+00
-9.055000E+00,+1.592337E+00,+1.633166E+00
-9.050000E+00,+1.656658E+00,+1.673367E+00
-9.045000E+00,+1.616457E+00,+1.673367E+00
-9.040000E+00,+1.616457E+00,+1.649246E+00
-9.035000E+00,+1.592337E+00,+1.673367E+00
-9.030000E+00,+1.624497E+00,+1.641206E+00
-9.025000E+00,+1.616457E+00,+1.673367E+00
-9.020000E+00,+1.616457E+00,+1.697487E+00
-9.015000E+00,+1.656658E+00,+1.617085E+00
-9.010000E+00,+1.616457E+00,+1.657286E+00
-9.005000E+00,+1.648618E+00,+1.665327E+00
-9.000000E+00,+1.616457E+00,+1.673367E+00
-8.995000E+00,+1.648618E+00,+1.665327E+00
-8.990000E+00,+1.640578E+00,+1.657286E+00
-8.985000E+00,+1.616457E+00,+1.673367E+00
-8.980000E+00,+1.576256E+00,+1.673367E+00
-8.975000E+00,+1.616457E+00,+1.633166E+00
-8.970000E+00,+1.624497E+00,+1.705528E+00
-8.965000E+00,+1.592337E+00,+1.633166E+00
-8.960000E+00,+1.640578E+00,+1.657286E+00
-8.955000E+00,+1.616457E+00,+1.665327E+00
-8.950000E+00,+1.616457E+00,+1.673367E+00
-8.945000E+00,+1.616457E+00,+1.641206E+00
-8.940000E+00,+1.640578E+00,+1.649246E+00
-8.935000E+00,+1.632538E+00,+1.649246E+00
-8.930000E+00,+1.656658E+00,+1.673367E+00
-8.925000E+00,+1.656658E+00,+1.673367E+00
-8.920000E+00,+1.592337E+00,+1.641206E+00
-8.915000E+00,+1.584296E+00,+1.633166E+00
-8.910000E+00,+1.616457E+00,+1.633166E+00
-8.905000E+00,+1.576256E+00,+1.665327E+00
-8.900000E+00,+1.576256E+00,+1.633166E+00
-8.895000E+00,+1.544095E+00,+1.633166E+00
-8.890000E+00,+1.576256E+00,+1.609045E+00
-8.885000E+00,+1.536055E+00,+1.592965E+00
-8.880000E+00,+1.568216E+00,+1.592965E+00
-8.875000E+00,+1.576256E+00,+1.592965E+00
-8.870000E+00,+1.536055E+00,+1.552764E+00
-8.865000E+00,+1.560176E+00,+1.552764E+00
-8.860000E+00,+1.536055E+00,+1.552764E+00
-8.855000E+00,+1.463693E+00,+1.512563E+00
-8.850000E+00,+1.495854E+00,+1.552764E+00
-8.845000E+00,+1.455653E+00,+1.512563E+00
-8.840000E+00,+1.455653E+00,+1.528643E+00
-8.835000E+00,+1.495854E+00,+1.496482E+00
-8.830000E+00,+1.455653E+00,+1.536683E+00
-8.825000E+00,+1.455653E+00,+1.472362E+00
-8.820000E+00,+1.423492E+00,+1.472362E+00
-8.815000E+00,+1.439573E+00,+1.472362E+00
-8.810000E+00,+1.455653E+00,+1.448241E+00
-8.805000E+00,+1.415452E+00,+1.456281E+00
-8.800000E+00,+1.415452E+00,+1.432161E+00
-8.795000E+00,+1.335050E+00,+1.464322E+00
-8.790000E+00,+1.391332E+00,+1.440201E+00
-8.785000E+00,+1.399372E+00,+1.416080E+00
-8.780000E+00,+1.407412E+00,+1.391960E+00
-8.775000E+00,+1.375251E+00,+1.432161E+00
-8.770000E+00,+1.415452E+00,+1.391960E+00
-8.765000E+00,+1.375251E+00,+1.400000E+00
-8.760000E+00,+1.375251E+00,+1.416080E+00
-8.755000E+00,+1.375251E+00,+1.375879E+00
-8.750000E+00,+1.375251E+00,+1.391960E+00
-8.745000E+00,+1.375251E+00,+1.351759E+00
-8.740000E+00,+1.359171E+00,+1.367839E+00
-8.735000E+00,+1.399372E+00,+1.351759E+00
-8.730000E+00,+1.383291E+00,+1.383920E+00
-8.725000E+00,+1.375251E+00,+1.351759E+00
-8.720000E+00,+1.383291E+00,+1.351759E+00
-8.715000E+00,+1.391332E+00,+1.367839E+00
-8.710000E+00,+1.407412E+00,+1.359799E+00
-8.705000E+00,+1.423492E+00,+1.383920E+00
-8.700000E+00,+1.415452E+00,+1.351759E+00
-8.695000E+00,+1.455653E+00,+1.351759E+00
-8.690000E+00,+1.455653E+00,+1.391960E+00
-8.685000E+00,+1.495854E+00,+1.367839E+00
-8.680000E+00,+1.495854E+00,+1.383920E+00
-8.675000E+00,+1.536055E+00,+1.351759E+00
-8.670000E+00,+1.568216E+00,+1.391960E+00
-8.665000E+00,+1.536055E+00,+1.375879E+00
-8.660000E+00,+1.536055E+00,+1.391960E+00
-8.655000E+00,+1.576256E+00,+1.359799E+00
-8.650000E+00,+1.576256E+00,+1.432161E+00
-8.645000E+00,+1.616457E+00,+1.391960E+00
-8.640000E+00,+1.632538E+00,+1.391960E+00
-8.635000E+00,+1.640578E+00,+1.391960E+00
-8.630000E+00,+1.624497E+00,+1.359799E+00
-8.625000E+00,+1.656658E+00,+1.351759E+00
-8.620000E+00,+1.656658E+00,+1.383920E+00
-8.615000E+00,+1.640578E+00,+1.367839E+00
-8.610000E+00,+1.656658E+00,+1.416080E+00
-8.605000E+00,+1.584296E+00,+1.351759E+00
-8.600000E+00,+1.576256E+00,+1.391960E+00
-8.595000E+00,+1.584296E+00,+1.391960E+00
-8.590000E+00,+1.600377E+00,+1.391960E+00
-8.585000E+00,+1.616457E+00,+1.375879E+00
-8.580000E+00,+1.616457E+00,+1.391960E+00
-8.575000E+00,+1.616457E+00,+1.432161E+00
-8.570000E+00,+1.608417E+00,+1.391960E+00
-8.565000E+00,+1.624497E+00,+1.391960E+00
-8.560000E+00,+1.624497E+00,+1.391960E+00
-8.555000E+00,+1.616457E+00,+1.391960E+00
-8.550000E+00,+1.616457E+00,+1.391960E+00
-8.545000E+00,+1.584296E+00,+1.359799E+00
-8.540000E+00,+1.640578E+00,+1.432161E+00
-8.535000E+00,+1.600377E+00,+1.408040E+00
-8.530000E+00,+1.616457E+00,+1.424121E+00
-8.525000E+00,+1.616457E+00,+1.432161E+00
-8.520000E+00,+1.624497E+00,+1.424121E+00
-8.515000E+00,+1.616457E+00,+1.456281E+00
-8.510000E+00,+1.576256E+00,+1.432161E+00
-8.505000E+00,+1.608417E+00,+1.432161E+00
-8.500000E+00,+1.576256E+00,+1.432161E+00
-8.495000E+00,+1.616457E+00,+1.432161E+00
-8.490000E+00,+1.616457E+00,+1.448241E+00
-8.485000E+00,+1.640578E+00,+1.456281E+00
-8.480000E+00,+1.584296E+00,+1.424121E+00
-8.475000E+00,+1.616457E+00,+1.472362E+00
-8.470000E+00,+1.584296E+00,+1.432161E+00
-8.465000E+00,+1.592337E+00,+1.448241E+00
-8.460000E+00,+1.592337E+00,+1.456281E+00
-8.455000E+00,+1.584296E+00,+1.400000E+00
-8.450000E+00,+1.536055E+00,+1.512563E+00
-8.445000E+00,+1.616457E+00,+1.448241E+00
-8.440000E+00,+1.600377E+00,+1.432161E+00
-8.435000E+00,+1.616457E+00,+1.472362E+00
-8.430000E+00,+1.640578E+00,+1.440201E+00
-8.425000E+00,+1.616457E+00,+1.432161E+00
-8.420000E+00,+1.576256E+00,+1.432161E+00
-8.415000E+00,+1.592337E+00,+1.432161E+00
-8.410000E+00,+1.560176E+00,+1.456281E+00
-8.405000E+00,+1.576256E+00,+1.440201E+00
-8.400000E+00,+1.616457E+00,+1.432161E+00
-8.395000E+00,+1.576256E+00,+1.432161E+00
-8.390000E+00,+1.576256E+00,+1.472362E+00
-8.385000E+00,+1.568216E+00,+1.432161E+00
-8.380000E+00,+1.576256E+00,+1.440201E+00
-8.375000E+00,+1.576256E+00,+1.472362E+00
-8.370000E+00,+1.576256E+00,+1.432161E+00
-8.365000E+00,+1.576256E+00,+1.440201E+00
-8.360000E+00,+1.552136E+00,+1.432161E+00
-8.355000E+00,+1.544095E+00,+1.432161E+00
-8.350000E+00,+1.536055E+00,+1.472362E+00
-8.345000E+00,+1.568216E+00,+1.432161E+00
-8.340000E+00,+1.576256E+00,+1.408040E+00
-8.335000E+00,+1.576256E+00,+1.416080E+00
-8.330000E+00,+1.544095E+00,+1.391960E+00
-8.325000E+00,+1.536055E+00,+1.432161E+00
-8.320000E+00,+1.528015E+00,+1.391960E+00
-8.315000E+00,+1.544095E+00,+1.408040E+00
-8.310000E+00,+1.536055E+00,+1.408040E+00
-8.305000E+00,+1.536055E+00,+1.464322E+00
-8.300000E+00,+1.536055E+00,+1.391960E+00
-8.295000E+00,+1.528015E+00,+1.367839E+00
-8.290000E+00,+1.511935E+00,+1.416080E+00
-8.285000E+00,+1.536055E+00,+1.432161E+00
-8.280000E+00,+1.536055E+00,+1.432161E+00
-8.275000E+00,+1.455653E+00,+1.432161E+00
-8.270000E+00,+1.495854E+00,+1.432161E+00
-8.265000E+00,+1.495854E+00,+1.408040E+00
-8.260000E+00,+1.536055E+00,+1.391960E+00
-8.255000E+00,+1.528015E+00,+1.383920E+00
-8.250000E+00,+1.536055E+00,+1.391960E+00
-8.245000E+00,+1.528015E+00,+1.391960E+00
-8.240000E+00,+1.471734E+00,+1.408040E+00
-8.235000E+00,+1.495854E+00,+1.432161E+00
-8.230000E+00,+1.487814E+00,+1.400000E+00
-8.225000E+00,+1.455653E+00,+1.391960E+00
-8.220000E+00,+1.503894E+00,+1.432161E+00
-8.215000E+00,+1.495854E+00,+1.408040E+00
-8.210000E+00,+1.519975E+00,+1.416080E+00
-8.205000E+00,+1.463693E+00,+1.424121E+00
-8.200000E+00,+1.495854E+00,+1.391960E+00
-8.195000E+00,+1.495854E+00,+1.391960E+00
-8.190000E+00,+1.495854E+00,+1.416080E+00
-8.185000E+00,+1.495854E+00,+1.391960E+00
-8.180000E+00,+1.463693E+00,+1.400000E+00
-8.175000E+00,+1.495854E+00,+1.432161E+00
-8.170000E+00,+1.495854E+00,+1.432161E+00
-8.165000E+00,+1.519975E+00,+1.391960E+00
-8.160000E+00,+1.487814E+00,+1.432161E+00
-8.155000E+00,+1.471734E+00,+1.400000E+00
-8.150000E+00,+1.495854E+00,+1.472362E+00
-8.145000E+00,+1.503894E+00,+1.400000E+00
-8.140000E+00,+1.495854E+00,+1.416080E+00
-8.135000E+00,+1.471734E+00,+1.432161E+00
-8.130000E+00,+1.495854E+00,+1.400000E+00
-8.125000E+00,+1.536055E+00,+1.432161E+00
-8.120000E+00,+1.503894E+00,+1.456281E+00
-8.115000E+00,+1.495854E+00,+1.408040E+00
-8.110000E+00,+1.495854E+00,+1.456281E+00
-8.105000E+00,+1.495854E+00,+1.432161E+00
-8.100000E+00,+1.455653E+00,+1.472362E+00
-8.095000E+00,+1.495854E+00,+1.432161E+00
-8.090000E+00,+1.495854E+00,+1.448241E+00
-8.085000E+00,+1.495854E+00,+1.472362E+00
-8.080000E+00,+1.495854E+00,+1.424121E+00
-8.075000E+00,+1.536055E+00,+1.432161E+00
-8.070000E+00,+1.519975E+00,+1.432161E+00
-8.065000E+00,+1.495854E+00,+1.456281E+00
-8.060000E+00,+1.495854E+00,+1.472362E+00
-8.055000E+00,+1.519975E+00,+1.432161E+00
-8.050000E+00,+1.495854E+00,+1.432161E+00
-8.045000E+00,+1.528015E+00,+1.464322E+00
-8.040000E+00,+1.495854E+00,+1.416080E+00
-8.035000E+00,+1.503894E+00,+1.456281E+00
-8.030000E+00,+1.503894E+00,+1.440201E+00
-8.025000E+00,+1.536055E+00,+1.472362E+00
-8.020000E+00,+1.536055E+00,+1.440201E+00
-8.015000E+00,+1.536055E+00,+1.472362E+00
-8.010000E+00,+1.536055E+00,+1.432161E+00
-8.005000E+00,+1.544095E+00,+1.472362E+00
-8.000000E+00,+1.536055E+00,+1.472362E+00
-7.995000E+00,+1.495854E+00,+1.440201E+00
-7.990000E+00,+1.560176E+00,+1.496482E+00
-7.985000E+00,+1.552136E+00,+1.472362E+00
-7.980000E+00,+1.544095E+00,+1.440201E+00
-7.975000E+00,+1.576256E+00,+1.472362E+00
-7.970000E+00,+1.584296E+00,+1.480402E+00
-7.965000E+00,+1.560176E+00,+1.488442E+00
-7.960000E+00,+1.584296E+00,+1.512563E+00
-7.955000E+00,+1.584296E+00,+1.512563E+00
-7.950000E+00,+1.616457E+00,+1.512563E+00
-7.945000E+00,+1.576256E+00,+1.512563E+00
-7.940000E+00,+1.576256E+00,+1.472362E+00
-7.935000E+00,+1.640578E+00,+1.496482E+00
-7.930000E+00,+1.648618E+00,+1.552764E+00
-7.925000E+00,+1.656658E+00,+1.512563E+00
-7.920000E+00,+1.624497E+00,+1.552764E+00
-7.915000E+00,+1.632538E+00,+1.576884E+00
-7.910000E+00,+1.656658E+00,+1.536683E+00
-7.905000E+00,+1.656658E+00,+1.552764E+00
-7.900000E+00,+1.656658E+00,+1.552764E+00
-7.895000E+00,+1.648618E+00,+1.552764E+00
-7.890000E+00,+1.680779E+00,+1.568844E+00
-7.885000E+00,+1.680779E+00,+1.552764E+00
-7.880000E+00,+1.729020E+00,+1.584925E+00
-7.875000E+00,+1.696859E+00,+1.552764E+00
-7.870000E+00,+1.664698E+00,+1.584925E+00
-7.865000E+00,+1.720980E+00,+1.568844E+00
-7.860000E+00,+1.696859E+00,+1.568844E+00
-7.855000E+00,+1.729020E+00,+1.592965E+00
-7.850000E+00,+1.696859E+00,+1.633166E+00
-7.845000E+00,+1.664698E+00,+1.592965E+00
-7.840000E+00,+1.720980E+00,+1.592965E+00
-7.835000E+00,+1.761181E+00,+1.592965E+00
-7.830000E+00,+1.737060E+00,+1.560804E+00
-7.825000E+00,+1.737060E+00,+1.592965E+00
-7.820000E+00,+1.777261E+00,+1.592965E+00
-7.815000E+00,+1.777261E+00,+1.601005E+00
-7.810000E+00,+1.793342E+00,+1.584925E+00
-7.805000E+00,+1.737060E+00,+1.625126E+00
-7.800000E+00,+1.777261E+00,+1.592965E+00
-7.795000E+00,+1.809422E+00,+1.601005E+00
-7.790000E+00,+1.777261E+00,+1.633166E+00
-7.785000E+00,+1.777261E+00,+1.592965E+00
-7.780000E+00,+1.777261E+00,+1.633166E+00
-7.775000E+00,+1.817462E+00,+1.633166E+00
-7.770000E+00,+1.817462E+00,+1.625126E+00
-7.765000E+00,+1.801382E+00,+1.633166E+00
-7.760000E+00,+1.817462E+00,+1.617085E+00
-7.755000E+00,+1.753141E+00,+1.625126E+00
-7.750000E+00,+1.817462E+00,+1.633166E+00
-7.745000E+00,+1.825502E+00,+1.625126E+00
-7.740000E+00,+1.841583E+00,+1.633166E+00
-7.735000E+00,+1.825502E+00,+1.609045E+00
-7.730000E+00,+1.825502E+00,+1.633166E+00
-7.725000E+00,+1.857663E+00,+1.592965E+00
-7.720000E+00,+1.849623E+00,+1.633166E+00
-7.715000E+00,+1.857663E+00,+1.609045E+00
-7.710000E+00,+1.833543E+00,+1.633166E+00
-7.705000E+00,+1.849623E+00,+1.633166E+00
-7.700000E+00,+1.817462E+00,+1.633166E+00
-7.695000E+00,+1.817462E+00,+1.633166E+00
-7.690000E+00,+1.857663E+00,+1.633166E+00
-7.685000E+00,+1.833543E+00,+1.617085E+00
-7.680000E+00,+1.817462E+00,+1.592965E+00
-7.675000E+00,+1.817462E+00,+1.673367E+00
-7.670000E+00,+1.825502E+00,+1.641206E+00
-7.665000E+00,+1.801382E+00,+1.633166E+00
-7.660000E+00,+1.841583E+00,+1.633166E+00
-7.655000E+00,+1.793342E+00,+1.641206E+00
-7.650000E+00,+1.817462E+00,+1.633166E+00
-7.645000E+00,+1.817462E+00,+1.633166E+00
-7.640000E+00,+1.817462E+00,+1.633166E+00
-7.635000E+00,+1.817462E+00,+1.633166E+00
-7.630000E+00,+1.817462E+00,+1.665327E+00
-7.625000E+00,+1.857663E+00,+1.592965E+00
-7.620000E+00,+1.817462E+00,+1.601005E+00
-7.615000E+00,+1.857663E+00,+1.633166E+00
-7.610000E+00,+1.817462E+00,+1.617085E+00
-7.605000E+00,+1.809422E+00,+1.633166E+00
-7.600000E+00,+1.817462E+00,+1.673367E+00
-7.595000E+00,+1.817462E+00,+1.609045E+00
-7.590000E+00,+1.817462E+00,+1.609045E+00
-7.585000E+00,+1.801382E+00,+1.657286E+00
-7.580000E+00,+1.817462E+00,+1.560804E+00
-7.575000E+00,+1.817462E+00,+1.633166E+00
-7.570000E+00,+1.785301E+00,+1.625126E+00
-7.565000E+00,+1.793342E+00,+1.609045E+00
-7.560000E+00,+1.817462E+00,+1.592965E+00
-7.555000E+00,+1.777261E+00,+1.568844E+00
-7.550000E+00,+1.817462E+00,+1.633166E+00
-7.545000E+00,+1.809422E+00,+1.592965E+00
-7.540000E+00,+1.801382E+00,+1.584925E+00
-7.535000E+00,+1.817462E+00,+1.633166E+00
-7.530000E+00,+1.777261E+00,+1.625126E+00
-7.525000E+00,+1.777261E+00,+1.633166E+00
-7.520000E+00,+1.809422E+00,+1.601005E+00
-7.515000E+00,+1.777261E+00,+1.609045E+00
-7.510000E+00,+1.753141E+00,+1.592965E+00
-7.505000E+00,+1.737060E+00,+1.633166E+00
-7.500000E+00,+1.737060E+00,+1.633166E+00
-7.495000E+00,+1.745100E+00,+1.592965E+00
-7.490000E+00,+1.753141E+00,+1.633166E+00
-7.485000E+00,+1.745100E+00,+1.633166E+00
-7.480000E+00,+1.777261E+00,+1.601005E+00
-7.475000E+00,+1.777261E+00,+1.633166E+00
-7.470000E+00,+1.704899E+00,+1.568844E+00
-7.465000E+00,+1.737060E+00,+1.576884E+00
-7.460000E+00,+1.729020E+00,+1.592965E+00
-7.455000E+00,+1.737060E+00,+1.560804E+00
-7.450000E+00,+1.696859E+00,+1.592965E+00
-7.445000E+00,+1.737060E+00,+1.625126E+00
-7.440000E+00,+1.712940E+00,+1.601005E+00
-7.435000E+00,+1.720980E+00,+1.633166E+00
-7.430000E+00,+1.704899E+00,+1.625126E+00
-7.425000E+00,+1.696859E+00,+1.592965E+00
-7.420000E+00,+1.688819E+00,+1.665327E+00
-7.415000E+00,+1.737060E+00,+1.584925E+00
-7.410000E+00,+1.680779E+00,+1.617085E+00
-7.405000E+00,+1.704899E+00,+1.633166E+00
-7.400000E+00,+1.696859E+00,+1.592965E+00
-7.395000E+00,+1.696859E+00,+1.560804E+00
-7.390000E+00,+1.696859E+00,+1.617085E+00
-7.385000E+00,+1.737060E+00,+1.633166E+00
-7.380000E+00,+1.696859E+00,+1.592965E+00
-7.375000E+00,+1.696859E+00,+1.592965E+00
-7.370000E+00,+1.737060E+00,+1.625126E+00
-7.365000E+00,+1.672739E+00,+1.649246E+00
-7.360000E+00,+1.680779E+00,+1.633166E+00
-7.355000E+00,+1.656658E+00,+1.633166E+00
-7.350000E+00,+1.656658E+00,+1.633166E+00
-7.345000E+00,+1.656658E+00,+1.609045E+00
-7.340000E+00,+1.656658E+00,+1.673367E+00
-7.335000E+00,+1.656658E+00,+1.657286E+00
-7.330000E+00,+1.624497E+00,+1.633166E+00
-7.325000E+00,+1.616457E+00,+1.673367E+00
-7.320000E+00,+1.648618E+00,+1.641206E+00
-7.315000E+00,+1.656658E+00,+1.625126E+00
-7.310000E+00,+1.616457E+00,+1.649246E+00
-7.305000E+00,+1.648618E+00,+1.625126E+00
-7.300000E+00,+1.656658E+00,+1.673367E+00
-7.295000E+00,+1.616457E+00,+1.665327E+00
-7.290000E+00,+1.640578E+00,+1.649246E+00
-7.285000E+00,+1.616457E+00,+1.673367E+00
-7.280000E+00,+1.616457E+00,+1.633166E+00
-7.275000E+00,+1.616457E+00,+1.633166E+00
-7.270000E+00,+1.616457E+00,+1.705528E+00
-7.265000E+00,+1.632538E+00,+1.657286E+00
-7.260000E+00,+1.624497E+00,+1.649246E+00
-7.255000E+00,+1.616457E+00,+1.633166E+00
-7.250000E+00,+1.616457E+00,+1.673367E+00
-7.245000E+00,+1.616457E+00,+1.665327E+00
-7.240000E+00,+1.632538E+00,+1.649246E+00
-7.235000E+00,+1.600377E+00,+1.673367E+00
-7.230000E+00,+1.608417E+00,+1.641206E+00
-7.225000E+00,+1.616457E+00,+1.673367E+00
-7.220000E+00,+1.616457E+00,+1.673367E+00
-7.215000E+00,+1.632538E+00,+1.697487E+00
-7.210000E+00,+1.600377E+00,+1.697487E+00
-7.205000E+00,+1.656658E+00,+1.681407E+00
-7.200000E+00,+1.616457E+00,+1.713568E+00
-7.195000E+00,+1.616457E+00,+1.673367E+00
-7.190000E+00,+1.592337E+00,+1.713568E+00
-7.185000E+00,+1.656658E+00,+1.737688E+00
-7.180000E+00,+1.624497E+00,+1.705528E+00
-7.175000E+00,+1.616457E+00,+1.713568E+00
-7.170000E+00,+1.616457E+00,+1.689447E+00
-7.165000E+00,+1.632538E+00,+1.777889E+00
-7.160000E+00,+1.616457E+00,+1.737688E+00
-7.155000E+00,+1.616457E+00,+1.753769E+00
-7.150000E+00,+1.616457E+00,+1.713568E+00
-7.145000E+00,+1.648618E+00,+1.721608E+00
-7.140000E+00,+1.632538E+00,+1.753769E+00
-7.135000E+00,+1.592337E+00,+1.729648E+00
-7.130000E+00,+1.624497E+00,+1.721608E+00
-7.125000E+00,+1.616457E+00,+1.753769E+00
-7.120000E+00,+1.624497E+00,+1.753769E+00
-7.115000E+00,+1.632538E+00,+1.753769E+00
-7.110000E+00,+1.632538E+00,+1.777889E+00
-7.105000E+00,+1.656658E+00,+1.761809E+00
-7.100000E+00,+1.576256E+00,+1.753769E+00
-7.095000E+00,+1.616457E+00,+1.745729E+00
-7.090000E+00,+1.632538E+00,+1.737688E+00
-7.085000E+00,+1.616457E+00,+1.753769E+00
-7.080000E+00,+1.616457E+00,+1.721608E+00
-7.075000E+00,+1.576256E+00,+1.713568E+00
-7.070000E+00,+1.648618E+00,+1.713568E+00
-7.065000E+00,+1.640578E+00,+1.753769E+00
-7.060000E+00,+1.616457E+00,+1.761809E+00
-7.055000E+00,+1.616457E+00,+1.713568E+00
-7.050000E+00,+1.616457E+00,+1.713568E+00
-7.045000E+00,+1.584296E+00,+1.721608E+00
-7.040000E+00,+1.616457E+00,+1.713568E+00
-7.035000E+00,+1.640578E+00,+1.713568E+00
-7.030000E+00,+1.616457E+00,+1.753769E+00
-7.025000E+00,+1.616457E+00,+1.713568E+00
-7.020000E+00,+1.592337E+00,+1.681407E+00
-7.015000E+00,+1.640578E+00,+1.729648E+00
-7.010000E+00,+1.600377E+00,+1.729648E+00
-7.005000E+00,+1.608417E+00,+1.713568E+00
-7.000000E+00,+1.656658E+00,+1.713568E+00
-6.995000E+00,+1.648618E+00,+1.705528E+00
-6.990000E+00,+1.616457E+00,+1.673367E+00
-6.985000E+00,+1.616457E+00,+1.697487E+00
-6.980000E+00,+1.616457E+00,+1.673367E+00
-6.975000E+00,+1.616457E+00,+1.753769E+00
-6.970000E+00,+1.616457E+00,+1.705528E+00
-6.965000E+00,+1.616457E+00,+1.689447E+00
-6.960000E+00,+1.616457E+00,+1.689447E+00
-6.955000E+00,+1.616457E+00,+1.681407E+00
-6.950000E+00,+1.616457E+00,+1.673367E+00
-6.945000E+00,+1.616457E+00,+1.681407E+00
-6.940000E+00,+1.616457E+00,+1.673367E+00
-6.935000E+00,+1.640578E+00,+1.713568E+00
-6.930000E+00,+1.656658E+00,+1.713568E+00
-6.925000E+00,+1.616457E+00,+1.673367E+00
-6.920000E+00,+1.648618E+00,+1.705528E+00
-6.915000E+00,+1.640578E+00,+1.697487E+00
-6.910000E+00,+1.640578E+00,+1.689447E+00
-6.905000E+00,+1.584296E+00,+1.705528E+00
-6.900000E+00,+1.616457E+00,+1.713568E+00
-6.895000E+00,+1.616457E+00,+1.713568E+00
-6.890000E+00,+1.632538E+00,+1.713568E+00
-6.885000E+00,+1.616457E+00,+1.737688E+00
-6.880000E+00,+1.624497E+00,+1.673367E+00
-6.875000E+00,+1.656658E+00,+1.673367E+00
-6.870000E+00,+1.624497E+00,+1.681407E+00
-6.865000E+00,+1.616457E+00,+1.713568E+00
-6.860000E+00,+1.632538E+00,+1.753769E+00
-6.855000E+00,+1.608417E+00,+1.705528E+00
-6.850000E+00,+1.616457E+00,+1.753769E+00
-6.845000E+00,+1.656658E+00,+1.713568E+00
-6.840000E+00,+1.616457E+00,+1.705528E+00
-6.835000E+00,+1.608417E+00,+1.737688E+00
-6.830000E+00,+1.624497E+00,+1.713568E+00
-6.825000E+00,+1.656658E+00,+1.713568E+00
-6.820000E+00,+1.616457E+00,+1.713568E+00
-6.815000E+00,+1.640578E+00,+1.737688E+00
-6.810000E+00,+1.656658E+00,+1.729648E+00
-6.805000E+00,+1.616457E+00,+1.721608E+00
-6.800000E+00,+1.656658E+00,+1.713568E+00
-6.795000E+00,+1.584296E+00,+1.713568E+00
-6.790000E+00,+1.616457E+00,+1.713568E+00
-6.785000E+00,+1.640578E+00,+1.737688E+00
-6.780000E+00,+1.608417E+00,+1.753769E+00
-6.775000E+00,+1.656658E+00,+1.673367E+00
-6.770000E+00,+1.616457E+00,+1.713568E+00
-6.765000E+00,+1.592337E+00,+1.713568E+00
-6.760000E+00,+1.616457E+00,+1.761809E+00
-6.755000E+00,+1.648618E+00,+1.745729E+00
-6.750000E+00,+1.616457E+00,+1.753769E+00
-6.745000E+00,+1.616457E+00,+1.721608E+00
-6.740000E+00,+1.576256E+00,+1.761809E+00
-6.735000E+00,+1.640578E+00,+1.737688E+00
-6.730000E+00,+1.584296E+00,+1.753769E+00
-6.725000E+00,+1.616457E+00,+1.793970E+00
-6.720000E+00,+1.616457E+00,+1.753769E+00
-6.715000E+00,+1.632538E+00,+1.777889E+00
-6.710000E+00,+1.640578E+00,+1.753769E+00
-6.705000E+00,+1.616457E+00,+1.753769E+00
-6.700000E+00,+1.616457E+00,+1.753769E+00
-6.695000E+00,+1.616457E+00,+1.721608E+00
-6.690000E+00,+1.616457E+00,+1.769849E+00
-6.685000E+00,+1.600377E+00,+1.777889E+00
-6.680000E+00,+1.616457E+00,+1.753769E+00
-6.675000E+00,+1.656658E+00,+1.793970E+00
-6.670000E+00,+1.584296E+00,+1.777889E+00
-6.665000E+00,+1.632538E+00,+1.753769E+00
-6.660000E+00,+1.616457E+00,+1.769849E+00
-6.655000E+00,+1.616457E+00,+1.802010E+00
-6.650000E+00,+1.616457E+00,+1.793970E+00
-6.645000E+00,+1.648618E+00,+1.793970E+00
-6.640000E+00,+1.600377E+00,+1.769849E+00
-6.635000E+00,+1.616457E+00,+1.769849E+00
-6.630000E+00,+1.616457E+00,+1.761809E+00
-6.625000E+00,+1.616457E+00,+1.793970E+00
-6.620000E+00,+1.648618E+00,+1.753769E+00
-6.615000E+00,+1.600377E+00,+1.753769E+00
-6.610000E+00,+1.600377E+00,+1.793970E+00
-6.605000E+00,+1.624497E+00,+1.793970E+00
-6.600000E+00,+1.616457E+00,+1.793970E+00
-6.595000E+00,+1.584296E+00,+1.793970E+00
-6.590000E+00,+1.632538E+00,+1.777889E+00
-6.585000E+00,+1.576256E+00,+1.777889E+00
-6.580000E+00,+1.648618E+00,+1.785930E+00
-6.575000E+00,+1.616457E+00,+1.793970E+00
-6.570000E+00,+1.648618E+00,+1.785930E+00
-6.565000E+00,+1.600377E+00,+1.793970E+00
-6.560000E+00,+1.632538E+00,+1.793970E+00
-6.555000E+00,+1.640578E+00,+1.802010E+00
-6.550000E+00,+1.616457E+00,+1.753769E+00
-6.545000E+00,+1.624497E+00,+1.753769E+00
-6.540000E+00,+1.592337E+00,+1.769849E+00
-6.535000E+00,+1.616457E+00,+1.769849E+00
-6.530000E+00,+1.648618E+00,+1.785930E+00
-6.525000E+00,+1.656658E+00,+1.753769E+00
-6.520000E+00,+1.624497E+00,+1.761809E+00
-6.515000E+00,+1.632538E+00,+1.818090E+00
-6.510000E+00,+1.632538E+00,+1.793970E+00
-6.505000E+00,+1.616457E+00,+1.802010E+00
-6.500000E+00,+1.656658E+00,+1.834171E+00
-6.495000E+00,+1.616457E+00,+1.818090E+00
-6.490000E+00,+1.616457E+00,+1.777889E+00
-6.485000E+00,+1.640578E+00,+1.769849E+00
-6.480000E+00,+1.584296E+00,+1.793970E+00
-6.475000E+00,+1.616457E+00,+1.753769E+00
-6.470000E+00,+1.624497E+00,+1.793970E+00
-6.465000E+00,+1.616457E+00,+1.818090E+00
-6.460000E+00,+1.632538E+00,+1.753769E+00
-6.455000E+00,+1.616457E+00,+1.793970E+00
-6.450000E+00,+1.616457E+00,+1.793970E+00
-6.445000E+00,+1.616457E+00,+1.793970E+00
-6.440000E+00,+1.616457E+00,+1.753769E+00
-6.435000E+00,+1.640578E+00,+1.785930E+00
-6.430000E+00,+1.584296E+00,+1.793970E+00
-6.425000E+00,+1.616457E+00,+1.834171E+00
-6.420000E+00,+1.584296E+00,+1.761809E+00
-6.415000E+00,+1.632538E+00,+1.753769E+00
-6.410000E+00,+1.632538E+00,+1.769849E+00
-6.405000E+00,+1.608417E+00,+1.761809E+00
-6.400000E+00,+1.616457E+00,+1.753769E+00
-6.395000E+00,+1.584296E+00,+1.793970E+00
-6.390000E+00,+1.640578E+00,+1.793970E+00
-6.385000E+00,+1.616457E+00,+1.753769E+00
-6.380000E+00,+1.584296E+00,+1.761809E+00
-6.375000E+00,+1.576256E+00,+1.793970E+00
-6.370000E+00,+1.616457E+00,+1.785930E+00
-6.365000E+00,+1.600377E+00,+1.793970E+00
-6.360000E+00,+1.616457E+00,+1.793970E+00
-6.355000E+00,+1.624497E+00,+1.753769E+00
-6.350000E+00,+1.616457E+00,+1.753769E+00
-6.345000E+00,+1.648618E+00,+1.753769E+00
-6.340000E+00,+1.600377E+00,+1.753769E+00
-6.335000E+00,+1.632538E+00,+1.793970E+00
-6.330000E+00,+1.616457E+00,+1.761809E+00
-6.325000E+00,+1.616457E+00,+1.793970E+00
-6.320000E+00,+1.648618E+00,+1.785930E+00
-6.315000E+00,+1.616457E+00,+1.753769E+00
-6.310000E+00,+1.616457E+00,+1.793970E+00
-6.305000E+00,+1.640578E+00,+1.761809E+00
-6.300000E+00,+1.616457E+00,+1.753769E+00
-6.295000E+00,+1.648618E+00,+1.761809E+00
-6.290000E+00,+1.592337E+00,+1.793970E+00
-6.285000E+00,+1.616457E+00,+1.769849E+00
-6.280000E+00,+1.616457E+00,+1.785930E+00
-6.275000E+00,+1.616457E+00,+1.753769E+00
-6.270000E+00,+1.616457E+00,+1.818090E+00
-6.265000E+00,+1.632538E+00,+1.769849E+00
-6.260000E+00,+1.640578E+00,+1.761809E+00
-6.255000E+00,+1.608417E+00,+1.793970E+00
-6.250000E+00,+1.616457E+00,+1.793970E+00
-6.245000E+00,+1.584296E+00,+1.785930E+00
-6.240000E+00,+1.632538E+00,+1.793970E+00
-6.235000E+00,+1.640578E+00,+1.777889E+00
-6.230000E+00,+1.616457E+00,+1.793970E+00
-6.225000E+00,+1.656658E+00,+1.753769E+00
-6.220000E+00,+1.640578E+00,+1.785930E+00
-6.215000E+00,+1.616457E+00,+1.793970E+00
-6.210000E+00,+1.632538E+00,+1.793970E+00
-6.205000E+00,+1.648618E+00,+1.785930E+00
-6.200000E+00,+1.616457E+00,+1.793970E+00
-6.195000E+00,+1.584296E+00,+1.761809E+00
-6.190000E+00,+1.632538E+00,+1.769849E+00
-6.185000E+00,+1.656658E+00,+1.777889E+00
-6.180000E+00,+1.616457E+00,+1.753769E+00
-6.175000E+00,+1.616457E+00,+1.793970E+00
-6.170000E+00,+1.624497E+00,+1.753769E+00
-6.165000E+00,+1.616457E+00,+1.777889E+00
-6.160000E+00,+1.616457E+00,+1.777889E+00
-6.155000E+00,+1.616457E+00,+1.793970E+00
-6.150000E+00,+1.616457E+00,+1.793970E+00
-6.145000E+00,+1.616457E+00,+1.785930E+00
-6.140000E+00,+1.592337E+00,+1.769849E+00
-6.135000E+00,+1.616457E+00,+1.753769E+00
-6.130000E+00,+1.616457E+00,+1.793970E+00
-6.125000E+00,+1.616457E+00,+1.834171E+00
-6.120000E+00,+1.616457E+00,+1.785930E+00
-6.115000E+00,+1.640578E+00,+1.785930E+00
-6.110000E+00,+1.616457E+00,+1.793970E+00
-6.105000E+00,+1.616457E+00,+1.802010E+00
-6.100000E+00,+1.616457E+00,+1.793970E+00
-6.095000E+00,+1.608417E+00,+1.826131E+00
-6.090000E+00,+1.600377E+00,+1.802010E+00
-6.085000E+00,+1.592337E+00,+1.793970E+00
-6.080000E+00,+1.616457E+00,+1.793970E+00
-6.075000E+00,+1.616457E+00,+1.793970E+00
-6.070000E+00,+1.648618E+00,+1.826131E+00
-6.065000E+00,+1.624497E+00,+1.793970E+00
-6.060000E+00,+1.632538E+00,+1.818090E+00
-6.055000E+00,+1.648618E+00,+1.793970E+00
-6.050000E+00,+1.656658E+00,+1.834171E+00
-6.045000E+00,+1.616457E+00,+1.826131E+00
-6.040000E+00,+1.616457E+00,+1.834171E+00
-6.035000E+00,+1.600377E+00,+1.793970E+00
-6.030000E+00,+1.648618E+00,+1.802010E+00
-6.025000E+00,+1.616457E+00,+1.793970E+00
-6.020000E+00,+1.624497E+00,+1.793970E+00
-6.015000E+00,+1.616457E+00,+1.793970E+00
-6.010000E+00,+1.616457E+00,+1.793970E+00
-6.005000E+00,+1.616457E+00,+1.802010E+00
-6.000000E+00,+1.616457E+00,+1.793970E+00
-5.995000E+00,+1.616457E+00,+1.802010E+00
-5.990000E+00,+1.616457E+00,+1.793970E+00
-5.985000E+00,+1.656658E+00,+1.858291E+00
-5.980000E+00,+1.616457E+00,+1.802010E+00
-5.975000E+00,+1.656658E+00,+1.834171E+00
-5.970000E+00,+1.640578E+00,+1.793970E+00
-5.965000E+00,+1.640578E+00,+1.834171E+00
-5.960000E+00,+1.640578E+00,+1.834171E+00
-5.955000E+00,+1.616457E+00,+1.834171E+00
-5.950000E+00,+1.616457E+00,+1.874372E+00
-5.945000E+00,+1.616457E+00,+1.834171E+00
-5.940000E+00,+1.616457E+00,+1.858291E+00
-5.935000E+00,+1.616457E+00,+1.834171E+00
-5.930000E+00,+1.616457E+00,+1.810050E+00
-5.925000E+00,+1.616457E+00,+1.834171E+00
-5.920000E+00,+1.648618E+00,+1.834171E+00
-5.915000E+00,+1.616457E+00,+1.810050E+00
-5.910000E+00,+1.616457E+00,+1.793970E+00
-5.905000E+00,+1.576256E+00,+1.842211E+00
-5.900000E+00,+1.616457E+00,+1.834171E+00
-5.895000E+00,+1.616457E+00,+1.793970E+00
-5.890000E+00,+1.616457E+00,+1.834171E+00
-5.885000E+00,+1.616457E+00,+1.834171E+00
-5.880000E+00,+1.616457E+00,+1.810050E+00
-5.875000E+00,+1.616457E+00,+1.834171E+00
-5.870000E+00,+1.648618E+00,+1.834171E+00
-5.865000E+00,+1.616457E+00,+1.834171E+00
-5.860000E+00,+1.616457E+00,+1.810050E+00
-5.855000E+00,+1.648618E+00,+1.842211E+00
-5.850000E+00,+1.616457E+00,+1.834171E+00
-5.845000E+00,+1.624497E+00,+1.834171E+00
-5.840000E+00,+1.616457E+00,+1.818090E+00
-5.835000E+00,+1.576256E+00,+1.793970E+00
-5.830000E+00,+1.648618E+00,+1.826131E+00
-5.825000E+00,+1.616457E+00,+1.874372E+00
-5.820000E+00,+1.624497E+00,+1.834171E+00
-5.815000E+00,+1.616457E+00,+1.810050E+00
-5.810000E+00,+1.632538E+00,+1.810050E+00
-5.805000E+00,+1.648618E+00,+1.866332E+00
-5.800000E+00,+1.616457E+00,+1.874372E+00
-5.795000E+00,+1.616457E+00,+1.874372E+00
-5.790000E+00,+1.616457E+00,+1.793970E+00
-5.785000E+00,+1.624497E+00,+1.850251E+00
-5.780000E+00,+1.616457E+00,+1.834171E+00
-5.775000E+00,+1.616457E+00,+1.874372E+00
-5.770000E+00,+1.616457E+00,+1.793970E+00
-5.765000E+00,+1.632538E+00,+1.834171E+00
-5.760000E+00,+1.624497E+00,+1.858291E+00
-5.755000E+00,+1.616457E+00,+1.802010E+00
-5.750000E+00,+1.616457E+00,+1.834171E+00
-5.745000E+00,+1.648618E+00,+1.866332E+00
-5.740000E+00,+1.632538E+00,+1.834171E+00
-5.735000E+00,+1.616457E+00,+1.834171E+00
-5.730000E+00,+1.608417E+00,+1.834171E+00
-5.725000E+00,+1.616457E+00,+1.834171E+00
-5.720000E+00,+1.608417E+00,+1.834171E+00
-5.715000E+00,+1.616457E+00,+1.834171E+00
-5.710000E+00,+1.632538E+00,+1.810050E+00
-5.705000E+00,+1.584296E+00,+1.826131E+00
-5.700000E+00,+1.616457E+00,+1.834171E+00
-5.695000E+00,+1.624497E+00,+1.826131E+00
-5.690000E+00,+1.648618E+00,+1.818090E+00
-5.685000E+00,+1.616457E+00,+1.834171E+00
-5.680000E+00,+1.616457E+00,+1.834171E+00
-5.675000E+00,+1.616457E+00,+1.834171E+00
-5.670000E+00,+1.616457E+00,+1.866332E+00
-5.665000E+00,+1.616457E+00,+1.810050E+00
-5.660000E+00,+1.624497E+00,+1.818090E+00
-5.655000E+00,+1.624497E+00,+1.793970E+00
-5.650000E+00,+1.616457E+00,+1.834171E+00
-5.645000E+00,+1.616457E+00,+1.866332E+00
-5.640000E+00,+1.640578E+00,+1.826131E+00
-5.635000E+00,+1.600377E+00,+1.818090E+00
-5.630000E+00,+1.656658E+00,+1.785930E+00
-5.625000E+00,+1.616457E+00,+1.793970E+00
-5.620000E+00,+1.616457E+00,+1.842211E+00
-5.615000E+00,+1.632538E+00,+1.834171E+00
-5.610000E+00,+1.632538E+00,+1.793970E+00
-5.605000E+00,+1.648618E+00,+1.826131E+00
-5.600000E+00,+1.576256E+00,+1.874372E+00
-5.595000E+00,+1.592337E+00,+1.826131E+00
-5.590000E+00,+1.640578E+00,+1.834171E+00
-5.585000E+00,+1.616457E+00,+1.793970E+00
-5.580000E+00,+1.616457E+00,+1.826131E+00
-5.575000E+00,+1.656658E+00,+1.793970E+00
-5.570000E+00,+1.616457E+00,+1.793970E+00
-5.565000E+00,+1.640578E+00,+1.810050E+00
-5.560000E+00,+1.616457E+00,+1.818090E+00
-5.555000E+00,+1.608417E+00,+1.793970E+00
-5.550000E+00,+1.616457E+00,+1.753769E+00
-5.545000E+00,+1.624497E+00,+1.793970E+00
-5.540000E+00,+1.640578E+00,+1.793970E+00
-5.535000E+00,+1.632538E+00,+1.793970E+00
-5.530000E+00,+1.616457E+00,+1.793970E+00
-5.525000E+00,+1.616457E+00,+1.834171E+00
-5.520000E+00,+1.584296E+00,+1.826131E+00
-5.515000E+00,+1.640578E+00,+1.793970E+00
-5.510000E+00,+1.616457E+00,+1.777889E+00
-5.505000E+00,+1.616457E+00,+1.761809E+00
-5.500000E+00,+1.616457E+00,+1.753769E+00
-5.495000E+00,+1.616457E+00,+1.753769E+00
-5.490000E+00,+1.608417E+00,+1.777889E+00
-5.485000E+00,+1.616457E+00,+1.753769E+00
-5.480000E+00,+1.616457E+00,+1.721608E+00
-5.475000E+00,+1.656658E+00,+1.753769E+00
-5.470000E+00,+1.616457E+00,+1.753769E+00
-5.465000E+00,+1.632538E+00,+1.753769E+00
-5.460000E+00,+1.616457E+00,+1.769849E+00
-5.455000E+00,+1.640578E+00,+1.745729E+00
-5.450000E+00,+1.656658E+00,+1.713568E+00
-5.445000E+00,+1.616457E+00,+1.721608E+00
-5.440000E+00,+1.616457E+00,+1.753769E+00
-5.435000E+00,+1.616457E+00,+1.769849E+00
-5.430000E+00,+1.608417E+00,+1.793970E+00
-5.425000E+00,+1.616457E+00,+1.753769E+00
-5.420000E+00,+1.616457E+00,+1.761809E+00
-5.415000E+00,+1.600377E+00,+1.729648E+00
-5.410000E+00,+1.632538E+00,+1.713568E+00
-5.405000E+00,+1.656658E+00,+1.753769E+00
-5.400000E+00,+1.616457E+00,+1.753769E+00
-5.395000E+00,+1.648618E+00,+1.753769E+00
-5.390000E+00,+1.616457E+00,+1.753769E+00
-5.385000E+00,+1.592337E+00,+1.777889E+00
-5.380000E+00,+1.608417E+00,+1.753769E+00
-5.375000E+00,+1.616457E+00,+1.753769E+00
-5.370000E+00,+1.616457E+00,+1.753769E+00
-5.365000E+00,+1.600377E+00,+1.737688E+00
-5.360000E+00,+1.616457E+00,+1.753769E+00
-5.355000E+00,+1.608417E+00,+1.753769E+00
-5.350000E+00,+1.616457E+00,+1.793970E+00
-5.345000E+00,+1.616457E+00,+1.761809E+00
-5.340000E+00,+1.600377E+00,+1.777889E+00
-5.335000E+00,+1.616457E+00,+1.777889E+00
-5.330000E+00,+1.608417E+00,+1.761809E+00
-5.325000E+00,+1.616457E+00,+1.753769E+00
-5.320000E+00,+1.624497E+00,+1.753769E+00
-5.315000E+00,+1.632538E+00,+1.753769E+00
-5.310000E+00,+1.616457E+00,+1.753769E+00
-5.305000E+00,+1.608417E+00,+1.777889E+00
-5.300000E+00,+1.616457E+00,+1.753769E+00
-5.295000E+00,+1.616457E+00,+1.761809E+00
-5.290000E+00,+1.616457E+00,+1.769849E+00
-5.285000E+00,+1.616457E+00,+1.769849E+00
-5.280000E+00,+1.608417E+00,+1.761809E+00
-5.275000E+00,+1.656658E+00,+1.713568E+00
-5.270000E+00,+1.616457E+00,+1.753769E+00
-5.265000E+00,+1.632538E+00,+1.769849E+00
-5.260000E+00,+1.632538E+00,+1.769849E+00
-5.255000E+00,+1.608417E+00,+1.793970E+00
-5.250000E+00,+1.616457E+00,+1.793970E+00
-5.245000E+00,+1.616457E+00,+1.793970E+00
-5.240000E+00,+1.616457E+00,+1.753769E+00
-5.235000E+00,+1.592337E+00,+1.793970E+00
-5.230000E+00,+1.624497E+00,+1.785930E+00
-5.225000E+00,+1.656658E+00,+1.834171E+00
-5.220000E+00,+1.616457E+00,+1.769849E+00
-5.215000E+00,+1.616457E+00,+1.777889E+00
-5.210000E+00,+1.592337E+00,+1.793970E+00
-5.205000E+00,+1.648618E+00,+1.785930E+00
-5.200000E+00,+1.616457E+00,+1.874372E+00
-5.195000E+00,+1.640578E+00,+1.802010E+00
-5.190000E+00,+1.616457E+00,+1.793970E+00
-5.185000E+00,+1.616457E+00,+1.769849E+00
-5.180000E+00,+1.640578E+00,+1.793970E+00
-5.175000E+00,+1.656658E+00,+1.793970E+00
-5.170000E+00,+1.608417E+00,+1.793970E+00
-5.165000E+00,+1.656658E+00,+1.793970E+00
-5.160000E+00,+1.616457E+00,+1.818090E+00
-5.155000E+00,+1.616457E+00,+1.793970E+00
-5.150000E+00,+1.576256E+00,+1.793970E+00
-5.145000E+00,+1.616457E+00,+1.793970E+00
-5.140000E+00,+1.640578E+00,+1.777889E+00
-5.135000E+00,+1.632538E+00,+1.802010E+00
-5.130000E+00,+1.624497E+00,+1.785930E+00
-5.125000E+00,+1.616457E+00,+1.793970E+00
-5.120000E+00,+1.624497E+00,+1.802010E+00
-5.115000E+00,+1.600377E+00,+1.769849E+00
-5.110000E+00,+1.616457E+00,+1.793970E+00
-5.105000E+00,+1.640578E+00,+1.793970E+00
-5.100000E+00,+1.616457E+00,+1.793970E+00
-5.095000E+00,+1.624497E+00,+1.793970E+00
-5.090000E+00,+1.576256E+00,+1.793970E+00
-5.085000E+00,+1.632538E+00,+1.810050E+00
-5.080000E+00,+1.616457E+00,+1.785930E+00
-5.075000E+00,+1.616457E+00,+1.793970E+00
-5.070000E+00,+1.656658E+00,+1.793970E+00
-5.065000E+00,+1.656658E+00,+1.810050E+00
-5.060000E+00,+1.640578E+00,+1.810050E+00
-5.055000E+00,+1.624497E+00,+1.834171E+00
-5.050000E+00,+1.616457E+00,+1.793970E+00
-5.045000E+00,+1.608417E+00,+1.834171E+00
-5.040000E+00,+1.656658E+00,+1.810050E+00
-5.035000E+00,+1.616457E+00,+1.834171E+00
-5.030000E+00,+1.616457E+00,+1.826131E+00
-5.025000E+00,+1.616457E+00,+1.834171E+00
-5.020000E+00,+1.616457E+00,+1.793970E+00
-5.015000E+00,+1.632538E+00,+1.810050E+00
-5.010000E+00,+1.632538E+00,+1.810050E+00
-5.005000E+00,+1.616457E+00,+1.802010E+00
-5.000000E+00,+1.616457E+00,+1.753769E+00
-4.995000E+00,+1.584296E+00,+1.793970E+00
-4.990000E+00,+1.616457E+00,+1.810050E+00
-4.985000E+00,+1.616457E+00,+1.818090E+00
-4.980000E+00,+1.592337E+00,+1.793970E+00
-4.975000E+00,+1.616457E+00,+1.793970E+00
-4.970000E+00,+1.616457E+00,+1.810050E+00
-4.965000E+00,+1.616457E+00,+1.834171E+00
-4.960000E+00,+1.632538E+00,+1.842211E+00
-4.955000E+00,+1.608417E+00,+1.802010E+00
-4.950000E+00,+1.616457E+00,+1.834171E+00
-4.945000E+00,+1.648618E+00,+1.793970E+00
-4.940000E+00,+1.616457E+00,+1.818090E+00
-4.935000E+00,+1.600377E+00,+1.842211E+00
-4.930000E+00,+1.608417E+00,+1.761809E+00
-4.925000E+00,+1.656658E+00,+1.793970E+00
-4.920000E+00,+1.584296E+00,+1.826131E+00
-4.915000E+00,+1.616457E+00,+1.834171E+00
-4.910000E+00,+1.616457E+00,+1.810050E+00
-4.905000E+00,+1.624497E+00,+1.858291E+00
-4.900000E+00,+1.616457E+00,+1.793970E+00
-4.895000E+00,+1.616457E+00,+1.802010E+00
-4.890000E+00,+1.616457E+00,+1.793970E+00
-4.885000E+00,+1.600377E+00,+1.793970E+00
-4.880000E+00,+1.616457E+00,+1.834171E+00
-4.875000E+00,+1.616457E+00,+1.793970E+00
-4.870000E+00,+1.584296E+00,+1.793970E+00
-4.865000E+00,+1.616457E+00,+1.826131E+00
-4.860000E+00,+1.616457E+00,+1.785930E+00
-4.855000E+00,+1.584296E+00,+1.793970E+00
-4.850000E+00,+1.576256E+00,+1.834171E+00
-4.845000E+00,+1.584296E+00,+1.826131E+00
-4.840000E+00,+1.624497E+00,+1.834171E+00
-4.835000E+00,+1.616457E+00,+1.818090E+00
-4.830000E+00,+1.624497E+00,+1.769849E+00
-4.825000E+00,+1.656658E+00,+1.834171E+00
-4.820000E+00,+1.616457E+00,+1.793970E+00
-4.815000E+00,+1.656658E+00,+1.834171E+00
-4.810000E+00,+1.632538E+00,+1.793970E+00
-4.805000E+00,+1.584296E+00,+1.793970E+00
-4.800000E+00,+1.576256E+00,+1.793970E+00
-4.795000E+00,+1.656658E+00,+1.834171E+00
-4.790000E+00,+1.616457E+00,+1.834171E+00
-4.785000E+00,+1.616457E+00,+1.834171E+00
-4.780000E+00,+1.648618E+00,+1.802010E+00
-4.775000E+00,+1.656658E+00,+1.834171E+00
-4.770000E+00,+1.584296E+00,+1.866332E+00
-4.765000E+00,+1.640578E+00,+1.834171E+00
-4.760000E+00,+1.656658E+00,+1.826131E+00
-4.755000E+00,+1.616457E+00,+1.802010E+00
-4.750000E+00,+1.656658E+00,+1.874372E+00
-4.745000E+00,+1.640578E+00,+1.834171E+00
-4.740000E+00,+1.600377E+00,+1.818090E+00
-4.735000E+00,+1.632538E+00,+1.810050E+00
-4.730000E+00,+1.624497E+00,+1.834171E+00
-4.725000E+00,+1.576256E+00,+1.874372E+00
-4.720000E+00,+1.624497E+00,+1.866332E+00
-4.715000E+00,+1.632538E+00,+1.818090E+00
-4.710000E+00,+1.616457E+00,+1.834171E+00
-4.705000E+00,+1.648618E+00,+1.866332E+00
-4.700000E+00,+1.616457E+00,+1.874372E+00
-4.695000E+00,+1.616457E+00,+1.858291E+00
-4.690000E+00,+1.640578E+00,+1.850251E+00
-4.685000E+00,+1.616457E+00,+1.866332E+00
-4.680000E+00,+1.648618E+00,+1.834171E+00
-4.675000E+00,+1.656658E+00,+1.834171E+00
-4.670000E+00,+1.624497E+00,+1.834171E+00
-4.665000E+00,+1.616457E+00,+1.818090E+00
-4.660000E+00,+1.640578E+00,+1.858291E+00
-4.655000E+00,+1.648618E+00,+1.834171E+00
-4.650000E+00,+1.616457E+00,+1.834171E+00
-4.645000E+00,+1.616457E+00,+1.802010E+00
-4.640000E+00,+1.616457E+00,+1.834171E+00
-4.635000E+00,+1.616457E+00,+1.850251E+00
-4.630000E+00,+1.624497E+00,+1.874372E+00
-4.625000E+00,+1.616457E+00,+1.834171E+00
-4.620000E+00,+1.648618E+00,+1.882412E+00
-4.615000E+00,+1.592337E+00,+1.850251E+00
-4.610000E+00,+1.592337E+00,+1.866332E+00
-4.605000E+00,+1.616457E+00,+1.882412E+00
-4.600000E+00,+1.616457E+00,+1.834171E+00
-4.595000E+00,+1.648618E+00,+1.874372E+00
-4.590000E+00,+1.608417E+00,+1.858291E+00
-4.585000E+00,+1.632538E+00,+1.834171E+00
-4.580000E+00,+1.616457E+00,+1.882412E+00
-4.575000E+00,+1.616457E+00,+1.834171E+00
-4.570000E+00,+1.616457E+00,+1.874372E+00
-4.565000E+00,+1.632538E+00,+1.858291E+00
-4.560000E+00,+1.616457E+00,+1.850251E+00
-4.555000E+00,+1.640578E+00,+1.834171E+00
-4.550000E+00,+1.616457E+00,+1.834171E+00
-4.545000E+00,+1.576256E+00,+1.842211E+00
-4.540000E+00,+1.656658E+00,+1.858291E+00
-4.535000E+00,+1.600377E+00,+1.882412E+00
-4.530000E+00,+1.616457E+00,+1.842211E+00
-4.525000E+00,+1.616457E+00,+1.874372E+00
-4.520000E+00,+1.616457E+00,+1.866332E+00
-4.515000E+00,+1.600377E+00,+1.874372E+00
-4.510000E+00,+1.632538E+00,+1.834171E+00
-4.505000E+00,+1.648618E+00,+1.874372E+00
-4.500000E+00,+1.616457E+00,+1.874372E+00
-4.495000E+00,+1.624497E+00,+1.834171E+00
-4.490000E+00,+1.616457E+00,+1.834171E+00
-4.485000E+00,+1.616457E+00,+1.850251E+00
-4.480000E+00,+1.616457E+00,+1.802010E+00
-4.475000E+00,+1.616457E+00,+1.190955E+00
-4.470000E+00,+1.616457E+00,+1.866332E+00
-4.465000E+00,+1.592337E+00,+1.834171E+00
-4.460000E+00,+1.616457E+00,+1.834171E+00
-4.455000E+00,+1.592337E+00,+1.834171E+00
-4.450000E+00,+1.616457E+00,+1.834171E+00
-4.445000E+00,+1.608417E+00,+1.802010E+00
-4.440000E+00,+1.616457E+00,+1.834171E+00
-4.435000E+00,+1.616457E+00,+1.850251E+00
-4.430000E+00,+1.616457E+00,+1.842211E+00
-4.425000E+00,+1.616457E+00,+1.834171E+00
-4.420000E+00,+1.616457E+00,+1.866332E+00
-4.415000E+00,+1.592337E+00,+1.850251E+00
-4.410000E+00,+1.616457E+00,+1.850251E+00
-4.405000E+00,+1.616457E+00,+1.834171E+00
-4.400000E+00,+1.616457E+00,+1.834171E+00
-4.395000E+00,+1.616457E+00,+1.842211E+00
-4.390000E+00,+1.616457E+00,+1.834171E+00
-4.385000E+00,+1.648618E+00,+1.834171E+00
-4.380000E+00,+1.616457E+00,+1.842211E+00
-4.375000E+00,+1.656658E+00,+1.874372E+00
-4.370000E+00,+1.616457E+00,+1.826131E+00
-4.365000E+00,+1.616457E+00,+1.818090E+00
-4.360000E+00,+1.632538E+00,+1.834171E+00
-4.355000E+00,+1.616457E+00,+1.802010E+00
-4.350000E+00,+1.616457E+00,+1.834171E+00
-4.345000E+00,+1.656658E+00,+1.793970E+00
-4.340000E+00,+1.608417E+00,+1.858291E+00
-4.335000E+00,+1.600377E+00,+1.818090E+00
-4.330000E+00,+1.648618E+00,+1.793970E+00
-4.325000E+00,+1.656658E+00,+1.793970E+00
-4.320000E+00,+1.648618E+00,+1.793970E+00
-4.315000E+00,+1.616457E+00,+1.810050E+00
-4.310000E+00,+1.640578E+00,+1.793970E+00
-4.305000E+00,+1.616457E+00,+1.793970E+00
-4.300000E+00,+1.616457E+00,+1.793970E+00
-4.295000E+00,+1.656658E+00,+1.761809E+00
-4.290000E+00,+1.616457E+00,+1.769849E+00
-4.285000E+00,+1.616457E+00,+1.793970E+00
-4.280000E+00,+1.608417E+00,+1.793970E+00
-4.275000E+00,+1.616457E+00,+1.793970E+00
-4.270000E+00,+1.616457E+00,+1.761809E+00
-4.265000E+00,+1.616457E+00,+1.793970E+00
-4.260000E+00,+1.640578E+00,+1.753769E+00
-4.255000E+00,+1.648618E+00,+1.753769E+00
-4.250000E+00,+1.656658E+00,+1.753769E+00
-4.245000E+00,+1.648618E+00,+1.737688E+00
-4.240000E+00,+1.592337E+00,+1.713568E+00
-4.235000E+00,+1.632538E+00,+1.729648E+00
-4.230000E+00,+1.584296E+00,+1.681407E+00
-4.225000E+00,+1.616457E+00,+1.713568E+00
-4.220000E+00,+1.592337E+00,+1.713568E+00
-4.215000E+00,+1.616457E+00,+1.713568E+00
-4.210000E+00,+1.664698E+00,+1.705528E+00
-4.205000E+00,+1.608417E+00,+1.681407E+00
-4.200000E+00,+1.616457E+00,+1.673367E+00
-4.195000E+00,+1.616457E+00,+1.673367E+00
-4.190000E+00,+1.616457E+00,+1.713568E+00
-4.185000E+00,+1.616457E+00,+1.649246E+00
-4.180000E+00,+1.624497E+00,+1.673367E+00
-4.175000E+00,+1.616457E+00,+1.713568E+00
-4.170000E+00,+1.648618E+00,+1.665327E+00
-4.165000E+00,+1.616457E+00,+1.657286E+00
-4.160000E+00,+1.640578E+00,+1.697487E+00
-4.155000E+00,+1.648618E+00,+1.665327E+00
-4.150000E+00,+1.656658E+00,+1.673367E+00
-4.145000E+00,+1.648618E+00,+1.673367E+00
-4.140000E+00,+1.616457E+00,+1.657286E+00
-4.135000E+00,+1.616457E+00,+1.657286E+00
-4.130000E+00,+1.616457E+00,+1.641206E+00
-4.125000E+00,+1.656658E+00,+1.633166E+00
-4.120000E+00,+1.616457E+00,+1.673367E+00
-4.115000E+00,+1.592337E+00,+1.649246E+00
-4.110000E+00,+1.632538E+00,+1.649246E+00
-4.105000E+00,+1.648618E+00,+1.673367E+00
-4.100000E+00,+1.616457E+00,+1.633166E+00
-4.095000E+00,+1.616457E+00,+1.673367E+00
-4.090000E+00,+1.592337E+00,+1.657286E+00
-4.085000E+00,+1.600377E+00,+1.633166E+00
-4.080000E+00,+1.616457E+00,+1.633166E+00
-4.075000E+00,+1.656658E+00,+1.673367E+00
-4.070000E+00,+1.576256E+00,+1.633166E+00
-4.065000E+00,+1.616457E+00,+1.673367E+00
-4.060000E+00,+1.616457E+00,+1.657286E+00
-4.055000E+00,+1.584296E+00,+1.641206E+00
-4.050000E+00,+1.616457E+00,+1.592965E+00
-4.045000E+00,+1.584296E+00,+1.633166E+00
-4.040000E+00,+1.592337E+00,+1.649246E+00
-4.035000E+00,+1.616457E+00,+1.633166E+00
-4.030000E+00,+1.576256E+00,+1.625126E+00
-4.025000E+00,+1.576256E+00,+1.633166E+00
-4.020000E+00,+1.552136E+00,+1.592965E+00
-4.015000E+00,+1.584296E+00,+1.609045E+00
-4.010000E+00,+1.560176E+00,+1.592965E+00
-4.005000E+00,+1.511935E+00,+1.584925E+00
-4.000000E+00,+1.536055E+00,+1.633166E+00
-3.995000E+00,+1.536055E+00,+1.584925E+00
-3.990000E+00,+1.536055E+00,+1.552764E+00
-3.985000E+00,+1.511935E+00,+1.552764E+00
-3.980000E+00,+1.528015E+00,+1.552764E+00
-3.975000E+00,+1.536055E+00,+1.552764E+00
-3.970000E+00,+1.503894E+00,+1.552764E+00
-3.965000E+00,+1.495854E+00,+1.552764E+00
-3.960000E+00,+1.519975E+00,+1.528643E+00
-3.955000E+00,+1.495854E+00,+1.520603E+00
-3.950000E+00,+1.455653E+00,+1.512563E+00
-3.945000E+00,+1.519975E+00,+1.512563E+00
-3.940000E+00,+1.471734E+00,+1.512563E+00
-3.935000E+00,+1.495854E+00,+1.552764E+00
-3.930000E+00,+1.463693E+00,+1.504523E+00
-3.925000E+00,+1.495854E+00,+1.472362E+00
-3.920000E+00,+1.479774E+00,+1.520603E+00
-3.915000E+00,+1.455653E+00,+1.488442E+00
-3.910000E+00,+1.471734E+00,+1.512563E+00
-3.905000E+00,+1.455653E+00,+1.520603E+00
-3.900000E+00,+1.455653E+00,+1.472362E+00
-3.895000E+00,+1.455653E+00,+1.480402E+00
-3.890000E+00,+1.479774E+00,+1.472362E+00
-3.885000E+00,+1.447613E+00,+1.472362E+00
-3.880000E+00,+1.447613E+00,+1.472362E+00
-3.875000E+00,+1.455653E+00,+1.472362E+00
-3.870000E+00,+1.383291E+00,+1.432161E+00
-3.865000E+00,+1.415452E+00,+1.456281E+00
-3.860000E+00,+1.423492E+00,+1.448241E+00
-3.855000E+00,+1.447613E+00,+1.432161E+00
-3.850000E+00,+1.375251E+00,+1.391960E+00
-3.845000E+00,+1.375251E+00,+1.424121E+00
-3.840000E+00,+1.391332E+00,+1.416080E+00
-3.835000E+00,+1.359171E+00,+1.391960E+00
-3.830000E+00,+1.335050E+00,+1.383920E+00
-3.825000E+00,+1.335050E+00,+1.432161E+00
-3.820000E+00,+1.367211E+00,+1.359799E+00
-3.815000E+00,+1.335050E+00,+1.375879E+00
-3.810000E+00,+1.343090E+00,+1.367839E+00
-3.805000E+00,+1.367211E+00,+1.351759E+00
-3.800000E+00,+1.294849E+00,+1.351759E+00
-3.795000E+00,+1.286809E+00,+1.351759E+00
-3.790000E+00,+1.294849E+00,+1.335678E+00
-3.785000E+00,+1.310930E+00,+1.311558E+00
-3.780000E+00,+1.254648E+00,+1.343719E+00
-3.775000E+00,+1.254648E+00,+1.311558E+00
-3.770000E+00,+1.222487E+00,+1.311558E+00
-3.765000E+00,+1.254648E+00,+1.287437E+00
-3.760000E+00,+1.262688E+00,+1.335678E+00
-3.755000E+00,+1.286809E+00,+1.311558E+00
-3.750000E+00,+1.294849E+00,+1.351759E+00
-3.745000E+00,+1.327010E+00,+1.351759E+00
-3.740000E+00,+1.278769E+00,+1.327638E+00
-3.735000E+00,+1.318970E+00,+1.375879E+00
-3.730000E+00,+1.375251E+00,+1.424121E+00
-3.725000E+00,+1.375251E+00,+1.391960E+00
-3.720000E+00,+1.343090E+00,+1.400000E+00
-3.715000E+00,+1.375251E+00,+1.424121E+00
-3.710000E+00,+1.391332E+00,+1.456281E+00
-3.705000E+00,+1.407412E+00,+1.432161E+00
-3.700000E+00,+1.415452E+00,+1.432161E+00
-3.695000E+00,+1.415452E+00,+1.448241E+00
-3.690000E+00,+1.399372E+00,+1.456281E+00
-3.685000E+00,+1.439573E+00,+1.472362E+00
-3.680000E+00,+1.447613E+00,+1.472362E+00
-3.675000E+00,+1.415452E+00,+1.472362E+00
-3.670000E+00,+1.455653E+00,+1.472362E+00
-3.665000E+00,+1.463693E+00,+1.472362E+00
-3.660000E+00,+1.479774E+00,+1.472362E+00
-3.655000E+00,+1.487814E+00,+1.504523E+00
-3.650000E+00,+1.495854E+00,+1.512563E+00
-3.645000E+00,+1.487814E+00,+1.504523E+00
-3.640000E+00,+1.495854E+00,+1.488442E+00
-3.635000E+00,+1.519975E+00,+1.528643E+00
-3.630000E+00,+1.544095E+00,+1.528643E+00
-3.625000E+00,+1.536055E+00,+1.512563E+00
-3.620000E+00,+1.544095E+00,+1.544724E+00
-3.615000E+00,+1.576256E+00,+1.512563E+00
-3.610000E+00,+1.560176E+00,+1.520603E+00
-3.605000E+00,+1.576256E+00,+1.512563E+00
-3.600000E+00,+1.576256E+00,+1.552764E+00
-3.595000E+00,+1.544095E+00,+1.520603E+00
-3.590000E+00,+1.576256E+00,+1.496482E+00
-3.585000E+00,+1.528015E+00,+1.536683E+00
-3.580000E+00,+1.503894E+00,+1.488442E+00
-3.575000E+00,+1.495854E+00,+1.512563E+00
-3.570000E+00,+1.536055E+00,+1.520603E+00
-3.565000E+00,+1.560176E+00,+1.488442E+00
-3.560000E+00,+1.576256E+00,+1.488442E+00
-3.555000E+00,+1.576256E+00,+1.472362E+00
-3.550000E+00,+1.576256E+00,+1.512563E+00
-3.545000E+00,+1.536055E+00,+1.472362E+00
-3.540000E+00,+1.536055E+00,+1.512563E+00
-3.535000E+00,+1.536055E+00,+1.512563E+00
-3.530000E+00,+1.511935E+00,+1.472362E+00
-3.525000E+00,+1.495854E+00,+1.512563E+00
-3.520000E+00,+1.536055E+00,+1.504523E+00
-3.515000E+00,+1.536055E+00,+1.472362E+00
-3.510000E+00,+1.536055E+00,+1.496482E+00
-3.505000E+00,+1.544095E+00,+1.504523E+00
-3.500000E+00,+1.495854E+00,+1.472362E+00
-3.495000E+00,+1.503894E+00,+1.432161E+00
-3.490000E+00,+1.552136E+00,+1.472362E+00
-3.485000E+00,+1.536055E+00,+1.472362E+00
-3.480000E+00,+1.503894E+00,+1.472362E+00
-3.475000E+00,+1.495854E+00,+1.472362E+00
-3.470000E+00,+1.560176E+00,+1.464322E+00
-3.465000E+00,+1.528015E+00,+1.472362E+00
-3.460000E+00,+1.560176E+00,+1.456281E+00
-3.455000E+00,+1.511935E+00,+1.496482E+00
-3.450000E+00,+1.536055E+00,+1.472362E+00
-3.445000E+00,+1.503894E+00,+1.440201E+00
-3.440000E+00,+1.536055E+00,+1.432161E+00
-3.435000E+00,+1.576256E+00,+1.432161E+00
-3.430000E+00,+1.536055E+00,+1.408040E+00
-3.425000E+00,+1.536055E+00,+1.432161E+00
-3.420000E+00,+1.536055E+00,+1.408040E+00
-3.415000E+00,+1.536055E+00,+1.432161E+00
-3.410000E+00,+1.536055E+00,+1.448241E+00
-3.405000E+00,+1.536055E+00,+1.400000E+00
-3.400000E+00,+1.495854E+00,+1.432161E+00
-3.395000E+00,+1.528015E+00,+1.464322E+00
-3.390000E+00,+1.511935E+00,+1.424121E+00
-3.385000E+00,+1.519975E+00,+1.432161E+00
-3.380000E+00,+1.536055E+00,+1.432161E+00
-3.375000E+00,+1.536055E+00,+1.391960E+00
-3.370000E+00,+1.536055E+00,+1.400000E+00
-3.365000E+00,+1.495854E+00,+1.408040E+00
-3.360000E+00,+1.455653E+00,+1.432161E+00
-3.355000E+00,+1.528015E+00,+1.432161E+00
-3.350000E+00,+1.495854E+00,+1.432161E+00
-3.345000E+00,+1.503894E+00,+1.432161E+00
-3.340000E+00,+1.495854E+00,+1.391960E+00
-3.335000E+00,+1.495854E+00,+1.416080E+00
-3.330000E+00,+1.528015E+00,+1.432161E+00
-3.325000E+00,+1.536055E+00,+1.432161E+00
-3.320000E+00,+1.536055E+00,+1.400000E+00
-3.315000E+00,+1.519975E+00,+1.432161E+00
-3.310000E+00,+1.471734E+00,+1.375879E+00
-3.305000E+00,+1.495854E+00,+1.391960E+00
-3.300000E+00,+1.536055E+00,+1.432161E+00
-3.295000E+00,+1.536055E+00,+1.424121E+00
-3.290000E+00,+1.536055E+00,+1.432161E+00
-3.285000E+00,+1.552136E+00,+1.408040E+00
-3.280000E+00,+1.544095E+00,+1.432161E+00
-3.275000E+00,+1.576256E+00,+1.432161E+00
-3.270000E+00,+1.544095E+00,+1.464322E+00
-3.265000E+00,+1.552136E+00,+1.432161E+00
-3.260000E+00,+1.600377E+00,+1.456281E+00
-3.255000E+00,+1.576256E+00,+1.440201E+00
-3.250000E+00,+1.616457E+00,+1.472362E+00
-3.245000E+00,+1.576256E+00,+1.472362E+00
-3.240000E+00,+1.640578E+00,+1.472362E+00
-3.235000E+00,+1.616457E+00,+1.456281E+00
-3.230000E+00,+1.608417E+00,+1.440201E+00
-3.225000E+00,+1.576256E+00,+1.472362E+00
-3.220000E+00,+1.616457E+00,+1.480402E+00
-3.215000E+00,+1.632538E+00,+1.496482E+00
-3.210000E+00,+1.640578E+00,+1.488442E+00
-3.205000E+00,+1.648618E+00,+1.472362E+00
-3.200000E+00,+1.616457E+00,+1.472362E+00
-3.195000E+00,+1.688819E+00,+1.472362E+00
-3.190000E+00,+1.656658E+00,+1.528643E+00
-3.185000E+00,+1.656658E+00,+1.472362E+00
-3.180000E+00,+1.656658E+00,+1.512563E+00
-3.175000E+00,+1.737060E+00,+1.472362E+00
-3.170000E+00,+1.729020E+00,+1.512563E+00
-3.165000E+00,+1.672739E+00,+1.512563E+00
-3.160000E+00,+1.672739E+00,+1.496482E+00
-3.155000E+00,+1.696859E+00,+1.480402E+00
-3.150000E+00,+1.696859E+00,+1.512563E+00
-3.145000E+00,+1.696859E+00,+1.480402E+00
-3.140000E+00,+1.688819E+00,+1.496482E+00
-3.135000E+00,+1.720980E+00,+1.488442E+00
-3.130000E+00,+1.688819E+00,+1.512563E+00
-3.125000E+00,+1.696859E+00,+1.512563E+00
-3.120000E+00,+1.696859E+00,+1.512563E+00
-3.115000E+00,+1.696859E+00,+1.512563E+00
-3.110000E+00,+1.704899E+00,+1.512563E+00
-3.105000E+00,+1.712940E+00,+1.480402E+00
-3.100000E+00,+1.737060E+00,+1.472362E+00
-3.095000E+00,+1.696859E+00,+1.472362E+00
-3.090000E+00,+1.696859E+00,+1.512563E+00
-3.085000E+00,+1.704899E+00,+1.496482E+00
-3.080000E+00,+1.664698E+00,+1.480402E+00
-3.075000E+00,+1.656658E+00,+1.472362E+00
-3.070000E+00,+1.696859E+00,+1.536683E+00
-3.065000E+00,+1.696859E+00,+1.472362E+00
-3.060000E+00,+1.672739E+00,+1.520603E+00
-3.055000E+00,+1.696859E+00,+1.512563E+00
-3.050000E+00,+1.696859E+00,+1.512563E+00
-3.045000E+00,+1.696859E+00,+1.520603E+00
-3.040000E+00,+1.680779E+00,+1.512563E+00
-3.035000E+00,+1.680779E+00,+1.536683E+00
-3.030000E+00,+1.656658E+00,+1.520603E+00
-3.025000E+00,+1.656658E+00,+1.512563E+00
-3.020000E+00,+1.656658E+00,+1.480402E+00
-3.015000E+00,+1.656658E+00,+1.512563E+00
-3.010000E+00,+1.656658E+00,+1.512563E+00
-3.005000E+00,+1.664698E+00,+1.520603E+00
-3.000000E+00,+1.656658E+00,+1.512563E+00
-2.995000E+00,+1.688819E+00,+1.544724E+00
-2.990000E+00,+1.640578E+00,+1.536683E+00
-2.985000E+00,+1.656658E+00,+1.552764E+00
-2.980000E+00,+1.656658E+00,+1.512563E+00
-2.975000E+00,+1.576256E+00,+1.512563E+00
-2.970000E+00,+1.648618E+00,+1.512563E+00
-2.965000E+00,+1.656658E+00,+1.544724E+00
-2.960000E+00,+1.656658E+00,+1.568844E+00
-2.955000E+00,+1.648618E+00,+1.544724E+00
-2.950000E+00,+1.616457E+00,+1.552764E+00
-2.945000E+00,+1.656658E+00,+1.584925E+00
-2.940000E+00,+1.656658E+00,+1.576884E+00
-2.935000E+00,+1.664698E+00,+1.576884E+00
-2.930000E+00,+1.592337E+00,+1.617085E+00
-2.925000E+00,+1.616457E+00,+1.552764E+00
-2.920000E+00,+1.624497E+00,+1.592965E+00
-2.915000E+00,+1.640578E+00,+1.576884E+00
-2.910000E+00,+1.640578E+00,+1.633166E+00
-2.905000E+00,+1.616457E+00,+1.592965E+00
-2.900000E+00,+1.616457E+00,+1.592965E+00
-2.895000E+00,+1.648618E+00,+1.625126E+00
-2.890000E+00,+1.632538E+00,+1.641206E+00
-2.885000E+00,+1.632538E+00,+1.633166E+00
-2.880000E+00,+1.616457E+00,+1.665327E+00
-2.875000E+00,+1.656658E+00,+1.673367E+00
-2.870000E+00,+1.648618E+00,+1.633166E+00
-2.865000E+00,+1.640578E+00,+1.633166E+00
-2.860000E+00,+1.616457E+00,+1.665327E+00
-2.855000E+00,+1.648618E+00,+1.673367E+00
-2.850000E+00,+1.616457E+00,+1.673367E+00
-2.845000E+00,+1.616457E+00,+1.633166E+00
-2.840000E+00,+1.592337E+00,+1.633166E+00
-2.835000E+00,+1.616457E+00,+1.657286E+00
-2.830000E+00,+1.616457E+00,+1.641206E+00
-2.825000E+00,+1.616457E+00,+1.633166E+00
-2.820000E+00,+1.592337E+00,+1.633166E+00
-2.815000E+00,+1.592337E+00,+1.657286E+00
-2.810000E+00,+1.632538E+00,+1.649246E+00
-2.805000E+00,+1.584296E+00,+1.705528E+00
-2.800000E+00,+1.616457E+00,+1.633166E+00
-2.795000E+00,+1.584296E+00,+1.641206E+00
-2.790000E+00,+1.616457E+00,+1.649246E+00
-2.785000E+00,+1.640578E+00,+1.657286E+00
-2.780000E+00,+1.616457E+00,+1.649246E+00
-2.775000E+00,+1.656658E+00,+1.673367E+00
-2.770000E+00,+1.616457E+00,+1.673367E+00
-2.765000E+00,+1.640578E+00,+1.657286E+00
-2.760000E+00,+1.616457E+00,+1.673367E+00
-2.755000E+00,+1.648618E+00,+1.641206E+00
-2.750000E+00,+1.616457E+00,+1.673367E+00
-2.745000E+00,+1.648618E+00,+1.665327E+00
-2.740000E+00,+1.616457E+00,+1.633166E+00
-2.735000E+00,+1.632538E+00,+1.633166E+00
-2.730000E+00,+1.624497E+00,+1.673367E+00
-2.725000E+00,+1.616457E+00,+1.673367E+00
-2.720000E+00,+1.648618E+00,+1.673367E+00
-2.715000E+00,+1.600377E+00,+1.657286E+00
-2.710000E+00,+1.616457E+00,+1.673367E+00
-2.705000E+00,+1.648618E+00,+1.633166E+00
-2.700000E+00,+1.656658E+00,+1.673367E+00
-2.695000E+00,+1.616457E+00,+1.673367E+00
-2.690000E+00,+1.632538E+00,+1.649246E+00
-2.685000E+00,+1.656658E+00,+1.657286E+00
-2.680000E+00,+1.576256E+00,+1.665327E+00
-2.675000E+00,+1.616457E+00,+1.633166E+00
-2.670000E+00,+1.576256E+00,+1.641206E+00
-2.665000E+00,+1.624497E+00,+1.673367E+00
-2.660000E+00,+1.632538E+00,+1.633166E+00
-2.655000E+00,+1.624497E+00,+1.665327E+00
-2.650000E+00,+1.616457E+00,+1.673367E+00
-2.645000E+00,+1.616457E+00,+1.633166E+00
-2.640000E+00,+1.640578E+00,+1.673367E+00
-2.635000E+00,+1.640578E+00,+1.657286E+00
-2.630000E+00,+1.648618E+00,+1.641206E+00
-2.625000E+00,+1.616457E+00,+1.673367E+00
-2.620000E+00,+1.616457E+00,+1.673367E+00
-2.615000E+00,+1.616457E+00,+1.649246E+00
-2.610000E+00,+1.640578E+00,+1.649246E+00
-2.605000E+00,+1.616457E+00,+1.641206E+00
-2.600000E+00,+1.576256E+00,+1.673367E+00
-2.595000E+00,+1.656658E+00,+1.665327E+00
-2.590000E+00,+1.632538E+00,+1.681407E+00
-2.585000E+00,+1.656658E+00,+1.649246E+00
-2.580000E+00,+1.616457E+00,+1.673367E+00
-2.575000E+00,+1.656658E+00,+1.673367E+00
-2.570000E+00,+1.648618E+00,+1.673367E+00
-2.565000E+00,+1.632538E+00,+1.649246E+00
-2.560000E+00,+1.616457E+00,+1.657286E+00
-2.555000E+00,+1.608417E+00,+1.697487E+00
-2.550000E+00,+1.576256E+00,+1.673367E+00
-2.545000E+00,+1.584296E+00,+1.665327E+00
-2.540000E+00,+1.576256E+00,+1.649246E+00
-2.535000E+00,+1.632538E+00,+1.673367E+00
-2.530000E+00,+1.616457E+00,+1.649246E+00
-2.525000E+00,+1.656658E+00,+1.633166E+00
-2.520000E+00,+1.616457E+00,+1.697487E+00
-2.515000E+00,+1.616457E+00,+1.673367E+00
-2.510000E+00,+1.616457E+00,+1.673367E+00
-2.505000E+00,+1.616457E+00,+1.641206E+00
-2.500000E+00,+1.656658E+00,+1.633166E+00
-2.495000E+00,+1.648618E+00,+1.633166E+00
-2.490000E+00,+1.632538E+00,+1.673367E+00
-2.485000E+00,+1.616457E+00,+1.649246E+00
-2.480000E+00,+1.616457E+00,+1.633166E+00
-2.475000E+00,+1.616457E+00,+1.713568E+00
-2.470000E+00,+1.616457E+00,+1.673367E+00
-2.465000E+00,+1.616457E+00,+1.689447E+00
-2.460000E+00,+1.608417E+00,+1.673367E+00
-2.455000E+00,+1.616457E+00,+1.641206E+00
-2.450000E+00,+1.656658E+00,+1.633166E+00
-2.445000E+00,+1.656658E+00,+1.609045E+00
-2.440000E+00,+1.616457E+00,+1.649246E+00
-2.435000E+00,+1.592337E+00,+1.633166E+00
-2.430000E+00,+1.648618E+00,+1.665327E+00
-2.425000E+00,+1.576256E+00,+1.633166E+00
-2.420000E+00,+1.640578E+00,+1.641206E+00
-2.415000E+00,+1.632538E+00,+1.673367E+00
-2.410000E+00,+1.592337E+00,+1.649246E+00
-2.405000E+00,+1.656658E+00,+1.633166E+00
-2.400000E+00,+1.656658E+00,+1.673367E+00
-2.395000E+00,+1.616457E+00,+1.641206E+00
-2.390000E+00,+1.600377E+00,+1.713568E+00
-2.385000E+00,+1.632538E+00,+1.649246E+00
-2.380000E+00,+1.608417E+00,+1.673367E+00
-2.375000E+00,+1.656658E+00,+1.673367E+00
-2.370000E+00,+1.584296E+00,+1.665327E+00
-2.365000E+00,+1.632538E+00,+1.633166E+00
-2.360000E+00,+1.616457E+00,+1.657286E+00
-2.355000E+00,+1.616457E+00,+1.633166E+00
-2.350000E+00,+1.616457E+00,+1.633166E+00
-2.345000E+00,+1.616457E+00,+1.633166E+00
-2.340000E+00,+1.576256E+00,+1.625126E+00
-2.335000E+00,+1.576256E+00,+1.617085E+00
-2.330000E+00,+1.576256E+00,+1.592965E+00
-2.325000E+00,+1.576256E+00,+1.592965E+00
-2.320000E+00,+1.568216E+00,+1.592965E+00
-2.315000E+00,+1.536055E+00,+1.536683E+00
-2.310000E+00,+1.511935E+00,+1.576884E+00
-2.305000E+00,+1.528015E+00,+1.584925E+00
-2.300000E+00,+1.455653E+00,+1.512563E+00
-2.295000E+00,+1.455653E+00,+1.504523E+00
-2.290000E+00,+1.479774E+00,+1.488442E+00
-2.285000E+00,+1.439573E+00,+1.488442E+00
-2.280000E+00,+1.383291E+00,+1.440201E+00
-2.275000E+00,+1.375251E+00,+1.432161E+00
-2.270000E+00,+1.375251E+00,+1.383920E+00
-2.265000E+00,+1.335050E+00,+1.359799E+00
-2.260000E+00,+1.310930E+00,+1.343719E+00
-2.255000E+00,+1.254648E+00,+1.327638E+00
-2.250000E+00,+1.254648E+00,+1.271357E+00
-2.245000E+00,+1.246608E+00,+1.263317E+00
-2.240000E+00,+1.174246E+00,+1.223116E+00
-2.235000E+00,+1.150126E+00,+1.207035E+00
-2.230000E+00,+1.142085E+00,+1.182915E+00
-2.225000E+00,+1.134045E+00,+1.190955E+00
-2.220000E+00,+1.134045E+00,+1.182915E+00
-2.215000E+00,+1.093844E+00,+1.174874E+00
-2.210000E+00,+1.117965E+00,+1.166834E+00
-2.205000E+00,+1.126005E+00,+1.150754E+00
-2.200000E+00,+1.134045E+00,+1.150754E+00
-2.195000E+00,+1.142085E+00,+1.150754E+00
-2.190000E+00,+1.174246E+00,+1.207035E+00
-2.185000E+00,+1.190327E+00,+1.255276E+00
-2.180000E+00,+1.246608E+00,+1.231156E+00
-2.175000E+00,+1.294849E+00,+1.231156E+00
-2.170000E+00,+1.343090E+00,+1.279397E+00
-2.165000E+00,+1.375251E+00,+1.343719E+00
-2.160000E+00,+1.415452E+00,+1.335678E+00
-2.155000E+00,+1.487814E+00,+1.391960E+00
-2.150000E+00,+1.495854E+00,+1.391960E+00
-2.145000E+00,+1.568216E+00,+1.400000E+00
-2.140000E+00,+1.576256E+00,+1.448241E+00
-2.135000E+00,+1.632538E+00,+1.496482E+00
-2.130000E+00,+1.712940E+00,+1.504523E+00
-2.125000E+00,+1.696859E+00,+1.552764E+00
-2.120000E+00,+1.777261E+00,+1.512563E+00
-2.115000E+00,+1.737060E+00,+1.560804E+00
-2.110000E+00,+1.777261E+00,+1.576884E+00
-2.105000E+00,+1.777261E+00,+1.584925E+00
-2.100000E+00,+1.777261E+00,+1.592965E+00
-2.095000E+00,+1.777261E+00,+1.592965E+00
-2.090000E+00,+1.777261E+00,+1.576884E+00
-2.085000E+00,+1.777261E+00,+1.633166E+00
-2.080000E+00,+1.745100E+00,+1.592965E+00
-2.075000E+00,+1.737060E+00,+1.592965E+00
-2.070000E+00,+1.737060E+00,+1.552764E+00
-2.065000E+00,+1.712940E+00,+1.528643E+00
-2.060000E+00,+1.680779E+00,+1.512563E+00
-2.055000E+00,+1.656658E+00,+1.544724E+00
-2.050000E+00,+1.656658E+00,+1.512563E+00
-2.045000E+00,+1.616457E+00,+1.480402E+00
-2.040000E+00,+1.616457E+00,+1.528643E+00
-2.035000E+00,+1.608417E+00,+1.496482E+00
-2.030000E+00,+1.576256E+00,+1.472362E+00
-2.025000E+00,+1.656658E+00,+1.432161E+00
-2.020000E+00,+1.584296E+00,+1.536683E+00
-2.015000E+00,+1.640578E+00,+1.649246E+00
-2.010000E+00,+1.616457E+00,+1.633166E+00
-2.005000E+00,+1.616457E+00,+1.633166E+00
-2.000000E+00,+1.616457E+00,+1.713568E+00
-1.995000E+00,+1.608417E+00,+1.665327E+00
-1.990000E+00,+1.592337E+00,+1.657286E+00
-1.985000E+00,+1.600377E+00,+1.657286E+00
-1.980000E+00,+1.624497E+00,+1.665327E+00
-1.975000E+00,+1.696859E+00,+1.633166E+00
-1.970000E+00,+1.616457E+00,+1.665327E+00
-1.965000E+00,+1.592337E+00,+1.649246E+00
-1.960000E+00,+1.616457E+00,+1.657286E+00
-1.955000E+00,+1.616457E+00,+1.673367E+00
-1.950000E+00,+1.616457E+00,+1.633166E+00
-1.945000E+00,+1.616457E+00,+1.641206E+00
-1.940000E+00,+1.640578E+00,+1.673367E+00
-1.935000E+00,+1.632538E+00,+1.689447E+00
-1.930000E+00,+1.648618E+00,+1.665327E+00
-1.925000E+00,+1.616457E+00,+1.673367E+00
-1.920000E+00,+1.608417E+00,+1.633166E+00
-1.915000E+00,+1.616457E+00,+1.673367E+00
-1.910000E+00,+1.616457E+00,+1.649246E+00
-1.905000E+00,+1.624497E+00,+1.633166E+00
-1.900000E+00,+1.616457E+00,+1.633166E+00
-1.895000E+00,+1.608417E+00,+1.673367E+00
-1.890000E+00,+1.640578E+00,+1.649246E+00
-1.885000E+00,+1.640578E+00,+1.673367E+00
-1.880000E+00,+1.616457E+00,+1.641206E+00
-1.875000E+00,+1.656658E+00,+1.633166E+00
-1.870000E+00,+1.616457E+00,+1.641206E+00
-1.865000E+00,+1.600377E+00,+1.657286E+00
-1.860000E+00,+1.624497E+00,+1.649246E+00
-1.855000E+00,+1.608417E+00,+1.665327E+00
-1.850000E+00,+1.656658E+00,+1.673367E+00
-1.845000E+00,+1.648618E+00,+1.633166E+00
-1.840000E+00,+1.648618E+00,+1.633166E+00
-1.835000E+00,+1.640578E+00,+1.673367E+00
-1.830000E+00,+1.616457E+00,+1.673367E+00
-1.825000E+00,+1.616457E+00,+1.673367E+00
-1.820000E+00,+1.616457E+00,+1.633166E+00
-1.815000E+00,+1.640578E+00,+1.649246E+00
-1.810000E+00,+1.640578E+00,+1.649246E+00
-1.805000E+00,+1.648618E+00,+1.633166E+00
-1.800000E+00,+1.656658E+00,+1.673367E+00
-1.795000E+00,+1.624497E+00,+1.665327E+00
-1.790000E+00,+1.592337E+00,+1.673367E+00
-1.785000E+00,+1.576256E+00,+1.673367E+00
-1.780000E+00,+1.648618E+00,+1.673367E+00
-1.775000E+00,+1.656658E+00,+1.633166E+00
-1.770000E+00,+1.584296E+00,+1.633166E+00
-1.765000E+00,+1.616457E+00,+1.657286E+00
-1.760000E+00,+1.632538E+00,+1.657286E+00
-1.755000E+00,+1.616457E+00,+1.641206E+00
-1.750000E+00,+1.616457E+00,+1.673367E+00
-1.745000E+00,+1.648618E+00,+1.665327E+00
-1.740000E+00,+1.600377E+00,+1.649246E+00
-1.735000E+00,+1.608417E+00,+1.673367E+00
-1.730000E+00,+1.624497E+00,+1.665327E+00
-1.725000E+00,+1.616457E+00,+1.673367E+00
-1.720000E+00,+1.616457E+00,+1.633166E+00
-1.715000E+00,+1.640578E+00,+1.649246E+00
-1.710000E+00,+1.632538E+00,+1.649246E+00
-1.705000E+00,+1.648618E+00,+1.673367E+00
-1.700000E+00,+1.616457E+00,+1.673367E+00
-1.695000E+00,+1.616457E+00,+1.673367E+00
-1.690000E+00,+1.616457E+00,+1.625126E+00
-1.685000E+00,+1.632538E+00,+1.673367E+00
-1.680000E+00,+1.648618E+00,+1.657286E+00
-1.675000E+00,+1.616457E+00,+1.633166E+00
-1.670000E+00,+1.576256E+00,+1.665327E+00
-1.665000E+00,+1.600377E+00,+1.657286E+00
-1.660000E+00,+1.616457E+00,+1.657286E+00
-1.655000E+00,+1.656658E+00,+1.633166E+00
-1.650000E+00,+1.616457E+00,+1.633166E+00
-1.645000E+00,+1.616457E+00,+1.633166E+00
-1.640000E+00,+1.632538E+00,+1.673367E+00
-1.635000E+00,+1.576256E+00,+1.673367E+00
-1.630000E+00,+1.616457E+00,+1.633166E+00
-1.625000E+00,+1.616457E+00,+1.673367E+00
-1.620000E+00,+1.616457E+00,+1.673367E+00
-1.615000E+00,+1.640578E+00,+1.681407E+00
-1.610000E+00,+1.616457E+00,+1.633166E+00
-1.605000E+00,+1.608417E+00,+1.681407E+00
-1.600000E+00,+1.616457E+00,+1.633166E+00
-1.595000E+00,+1.592337E+00,+1.673367E+00
-1.590000E+00,+1.600377E+00,+1.689447E+00
-1.585000E+00,+1.656658E+00,+1.673367E+00
-1.580000E+00,+1.616457E+00,+1.641206E+00
-1.575000E+00,+1.616457E+00,+1.633166E+00
-1.570000E+00,+1.616457E+00,+1.673367E+00
-1.565000E+00,+1.640578E+00,+1.633166E+00
-1.560000E+00,+1.600377E+00,+1.633166E+00
-1.555000E+00,+1.592337E+00,+1.633166E+00
-1.550000E+00,+1.616457E+00,+1.673367E+00
-1.545000E+00,+1.616457E+00,+1.641206E+00
-1.540000E+00,+1.616457E+00,+1.633166E+00
-1.535000E+00,+1.616457E+00,+1.657286E+00
-1.530000E+00,+1.608417E+00,+1.625126E+00
-1.525000E+00,+1.656658E+00,+1.633166E+00
-1.520000E+00,+1.616457E+00,+1.633166E+00
-1.515000E+00,+1.616457E+00,+1.649246E+00
-1.510000E+00,+1.616457E+00,+1.657286E+00
-1.505000E+00,+1.624497E+00,+1.673367E+00
-1.500000E+00,+1.616457E+00,+1.633166E+00
-1.495000E+00,+1.584296E+00,+1.633166E+00
-1.490000E+00,+1.616457E+00,+1.681407E+00
-1.485000E+00,+1.632538E+00,+1.633166E+00
-1.480000E+00,+1.616457E+00,+1.641206E+00
-1.475000E+00,+1.656658E+00,+1.673367E+00
-1.470000E+00,+1.584296E+00,+1.673367E+00
-1.465000E+00,+1.608417E+00,+1.673367E+00
-1.460000E+00,+1.632538E+00,+1.633166E+00
-1.455000E+00,+1.616457E+00,+1.641206E+00
-1.450000E+00,+1.616457E+00,+1.673367E+00
-1.445000E+00,+1.616457E+00,+1.633166E+00
-1.440000E+00,+1.640578E+00,+1.657286E+00
-1.435000E+00,+1.616457E+00,+1.673367E+00
-1.430000E+00,+1.584296E+00,+1.665327E+00
-1.425000E+00,+1.656658E+00,+1.633166E+00
-1.420000E+00,+1.616457E+00,+1.641206E+00
-1.415000E+00,+1.616457E+00,+1.641206E+00
-1.410000E+00,+1.640578E+00,+1.633166E+00
-1.405000E+00,+1.632538E+00,+1.633166E+00
-1.400000E+00,+1.656658E+00,+1.633166E+00
-1.395000E+00,+1.624497E+00,+1.665327E+00
-1.390000E+00,+1.656658E+00,+1.657286E+00
-1.385000E+00,+1.616457E+00,+1.673367E+00
-1.380000E+00,+1.608417E+00,+1.649246E+00
-1.375000E+00,+1.656658E+00,+1.633166E+00
-1.370000E+00,+1.616457E+00,+1.673367E+00
-1.365000E+00,+1.616457E+00,+1.633166E+00
-1.360000E+00,+1.616457E+00,+1.657286E+00
-1.355000E+00,+1.648618E+00,+1.673367E+00
-1.350000E+00,+1.576256E+00,+1.633166E+00
-1.345000E+00,+1.616457E+00,+1.681407E+00
-1.340000E+00,+1.616457E+00,+1.673367E+00
-1.335000E+00,+1.624497E+00,+1.657286E+00
-1.330000E+00,+1.648618E+00,+1.633166E+00
-1.325000E+00,+1.616457E+00,+1.633166E+00
-1.320000E+00,+1.648618E+00,+1.665327E+00
-1.315000E+00,+1.616457E+00,+1.673367E+00
-1.310000E+00,+1.616457E+00,+1.657286E+00
-1.305000E+00,+1.656658E+00,+1.665327E+00
-1.300000E+00,+1.616457E+00,+1.673367E+00
-1.295000E+00,+1.608417E+00,+1.673367E+00
-1.290000E+00,+1.600377E+00,+1.649246E+00
-1.285000E+00,+1.592337E+00,+1.673367E+00
-1.280000E+00,+1.616457E+00,+1.673367E+00
-1.275000E+00,+1.616457E+00,+1.673367E+00
-1.270000E+00,+1.648618E+00,+1.665327E+00
-1.265000E+00,+1.656658E+00,+1.633166E+00
-1.260000E+00,+1.616457E+00,+1.633166E+00
-1.255000E+00,+1.648618E+00,+1.641206E+00
-1.250000E+00,+1.616457E+00,+1.673367E+00
-1.245000E+00,+1.592337E+00,+1.641206E+00
-1.240000E+00,+1.640578E+00,+1.681407E+00
-1.235000E+00,+1.632538E+00,+1.649246E+00
-1.230000E+00,+1.624497E+00,+1.633166E+00
-1.225000E+00,+1.656658E+00,+1.633166E+00
-1.220000E+00,+1.624497E+00,+1.641206E+00
-1.215000E+00,+1.640578E+00,+1.665327E+00
-1.210000E+00,+1.640578E+00,+1.657286E+00
-1.205000E+00,+1.608417E+00,+1.673367E+00
-1.200000E+00,+1.616457E+00,+1.633166E+00
-1.195000E+00,+1.624497E+00,+1.665327E+00
-1.190000E+00,+1.616457E+00,+1.657286E+00
-1.185000E+00,+1.592337E+00,+1.673367E+00
-1.180000E+00,+1.624497E+00,+1.633166E+00
-1.175000E+00,+1.616457E+00,+1.633166E+00
-1.170000E+00,+1.592337E+00,+1.641206E+00
-1.165000E+00,+1.656658E+00,+1.657286E+00
-1.160000E+00,+1.616457E+00,+1.649246E+00
-1.155000E+00,+1.648618E+00,+1.657286E+00
-1.150000E+00,+1.616457E+00,+1.633166E+00
-1.145000E+00,+1.616457E+00,+1.641206E+00
-1.140000E+00,+1.616457E+00,+1.649246E+00
-1.135000E+00,+1.600377E+00,+1.657286E+00
-1.130000E+00,+1.648618E+00,+1.705528E+00
-1.125000E+00,+1.616457E+00,+1.673367E+00
-1.120000E+00,+1.648618E+00,+1.665327E+00
-1.115000E+00,+1.632538E+00,+1.649246E+00
-1.110000E+00,+1.624497E+00,+1.649246E+00
-1.105000E+00,+1.624497E+00,+1.665327E+00
-1.100000E+00,+1.616457E+00,+1.673367E+00
-1.095000E+00,+1.584296E+00,+1.649246E+00
-1.090000E+00,+1.608417E+00,+1.657286E+00
-1.085000E+00,+1.592337E+00,+1.649246E+00
-1.080000E+00,+1.608417E+00,+1.641206E+00
-1.075000E+00,+1.616457E+00,+1.673367E+00
-1.070000E+00,+1.592337E+00,+1.633166E+00
-1.065000E+00,+1.600377E+00,+1.673367E+00
-1.060000E+00,+1.616457E+00,+1.649246E+00
-1.055000E+00,+1.584296E+00,+1.705528E+00
-1.050000E+00,+1.616457E+00,+1.673367E+00
-1.045000E+00,+1.648618E+00,+1.641206E+00
-1.040000E+00,+1.632538E+00,+1.657286E+00
-1.035000E+00,+1.640578E+00,+1.633166E+00
-1.030000E+00,+1.656658E+00,+1.673367E+00
-1.025000E+00,+1.616457E+00,+1.673367E+00
-1.020000E+00,+1.648618E+00,+1.665327E+00
-1.015000E+00,+1.640578E+00,+1.633166E+00
-1.010000E+00,+1.592337E+00,+1.657286E+00
-1.005000E+00,+1.616457E+00,+1.641206E+00
-1.000000E+00,+1.616457E+00,+1.633166E+00
-995.000E-03,+1.584296E+00,+1.641206E+00
-990.000E-03,+1.592337E+00,+1.657286E+00
-985.000E-03,+1.640578E+00,+1.649246E+00
-980.000E-03,+1.616457E+00,+1.673367E+00
-975.000E-03,+1.576256E+00,+1.673367E+00
-970.000E-03,+1.616457E+00,+1.641206E+00
-965.000E-03,+1.616457E+00,+1.673367E+00
-960.000E-03,+1.592337E+00,+1.713568E+00
-955.000E-03,+1.616457E+00,+1.641206E+00
-950.000E-03,+1.616457E+00,+1.673367E+00
-945.000E-03,+1.648618E+00,+1.665327E+00
-940.000E-03,+1.640578E+00,+1.657286E+00
-935.000E-03,+1.632538E+00,+1.673367E+00
-930.000E-03,+1.656658E+00,+1.673367E+00
-925.000E-03,+1.616457E+00,+1.673367E+00
-920.000E-03,+1.656658E+00,+1.673367E+00
-915.000E-03,+1.624497E+00,+1.633166E+00
-910.000E-03,+1.640578E+00,+1.673367E+00
-905.000E-03,+1.616457E+00,+1.697487E+00
-900.000E-03,+1.616457E+00,+1.673367E+00
-895.000E-03,+1.616457E+00,+1.633166E+00
-890.000E-03,+1.616457E+00,+1.649246E+00
-885.000E-03,+1.576256E+00,+1.673367E+00
-880.000E-03,+1.616457E+00,+1.665327E+00
-875.000E-03,+1.616457E+00,+1.673367E+00
-870.000E-03,+1.640578E+00,+1.641206E+00
-865.000E-03,+1.632538E+00,+1.673367E+00
-860.000E-03,+1.632538E+00,+1.649246E+00
-855.000E-03,+1.616457E+00,+1.633166E+00
-850.000E-03,+1.616457E+00,+1.673367E+00
-845.000E-03,+1.648618E+00,+1.673367E+00
-840.000E-03,+1.592337E+00,+1.633166E+00
-835.000E-03,+1.600377E+00,+1.665327E+00
-830.000E-03,+1.680779E+00,+1.641206E+00
-825.000E-03,+1.656658E+00,+1.633166E+00
-820.000E-03,+1.648618E+00,+1.641206E+00
-815.000E-03,+1.616457E+00,+1.657286E+00
-810.000E-03,+1.640578E+00,+1.649246E+00
-805.000E-03,+1.648618E+00,+1.665327E+00
-800.000E-03,+1.656658E+00,+1.673367E+00
-795.000E-03,+1.616457E+00,+1.633166E+00
-790.000E-03,+1.616457E+00,+1.649246E+00
-785.000E-03,+1.616457E+00,+1.673367E+00
-780.000E-03,+1.592337E+00,+1.673367E+00
-775.000E-03,+1.616457E+00,+1.633166E+00
-770.000E-03,+1.616457E+00,+1.633166E+00
-765.000E-03,+1.592337E+00,+1.649246E+00
-760.000E-03,+1.632538E+00,+1.633166E+00
-755.000E-03,+1.616457E+00,+1.641206E+00
-750.000E-03,+1.616457E+00,+1.633166E+00
-745.000E-03,+1.616457E+00,+1.673367E+00
-740.000E-03,+1.632538E+00,+1.633166E+00
-735.000E-03,+1.592337E+00,+1.673367E+00
-730.000E-03,+1.624497E+00,+1.665327E+00
-725.000E-03,+1.616457E+00,+1.673367E+00
-720.000E-03,+1.616457E+00,+1.633166E+00
-715.000E-03,+1.632538E+00,+1.641206E+00
-710.000E-03,+1.616457E+00,+1.673367E+00
-705.000E-03,+1.576256E+00,+1.665327E+00
-700.000E-03,+1.656658E+00,+1.673367E+00
-695.000E-03,+1.624497E+00,+1.673367E+00
-690.000E-03,+1.632538E+00,+1.673367E+00
-685.000E-03,+1.632538E+00,+1.649246E+00
-680.000E-03,+1.648618E+00,+1.633166E+00
-675.000E-03,+1.656658E+00,+1.673367E+00
-670.000E-03,+1.616457E+00,+1.633166E+00
-665.000E-03,+1.616457E+00,+1.657286E+00
-660.000E-03,+1.616457E+00,+1.633166E+00
-655.000E-03,+1.608417E+00,+1.649246E+00
-650.000E-03,+1.616457E+00,+1.673367E+00
-645.000E-03,+1.624497E+00,+1.641206E+00
-640.000E-03,+1.616457E+00,+1.673367E+00
-635.000E-03,+1.616457E+00,+1.633166E+00
-630.000E-03,+1.616457E+00,+1.665327E+00
-625.000E-03,+1.616457E+00,+1.633166E+00
-620.000E-03,+1.616457E+00,+1.641206E+00
-615.000E-03,+1.616457E+00,+1.673367E+00
-610.000E-03,+1.632538E+00,+1.673367E+00
-605.000E-03,+1.616457E+00,+1.633166E+00
-600.000E-03,+1.616457E+00,+1.673367E+00
-595.000E-03,+1.616457E+00,+1.633166E+00
-590.000E-03,+1.616457E+00,+1.673367E+00
-585.000E-03,+1.632538E+00,+1.657286E+00
-580.000E-03,+1.656658E+00,+1.673367E+00
-575.000E-03,+1.616457E+00,+1.673367E+00
-570.000E-03,+1.656658E+00,+1.673367E+00
-565.000E-03,+1.616457E+00,+1.657286E+00
-560.000E-03,+1.592337E+00,+1.657286E+00
-555.000E-03,+1.616457E+00,+1.665327E+00
-550.000E-03,+1.696859E+00,+1.633166E+00
-545.000E-03,+1.624497E+00,+1.641206E+00
-540.000E-03,+1.632538E+00,+1.697487E+00
-535.000E-03,+1.616457E+00,+1.673367E+00
-530.000E-03,+1.616457E+00,+1.673367E+00
-525.000E-03,+1.576256E+00,+1.673367E+00
-520.000E-03,+1.616457E+00,+1.641206E+00
-515.000E-03,+1.616457E+00,+1.697487E+00
-510.000E-03,+1.616457E+00,+1.633166E+00
-505.000E-03,+1.616457E+00,+1.673367E+00
-500.000E-03,+1.616457E+00,+1.673367E+00
-495.000E-03,+1.616457E+00,+1.673367E+00
-490.000E-03,+1.616457E+00,+1.649246E+00
-485.000E-03,+1.640578E+00,+1.641206E+00
-480.000E-03,+1.616457E+00,+1.657286E+00
-475.000E-03,+1.616457E+00,+1.673367E+00
-470.000E-03,+1.624497E+00,+1.673367E+00
-465.000E-03,+1.640578E+00,+1.649246E+00
-460.000E-03,+1.600377E+00,+1.697487E+00
-455.000E-03,+1.616457E+00,+1.665327E+00
-450.000E-03,+1.616457E+00,+1.633166E+00
-445.000E-03,+1.616457E+00,+1.673367E+00
-440.000E-03,+1.656658E+00,+1.649246E+00
-435.000E-03,+1.656658E+00,+1.673367E+00
-430.000E-03,+1.624497E+00,+1.633166E+00
-425.000E-03,+1.576256E+00,+1.713568E+00
-420.000E-03,+1.584296E+00,+1.617085E+00
-415.000E-03,+1.616457E+00,+1.657286E+00
-410.000E-03,+1.632538E+00,+1.649246E+00
-405.000E-03,+1.624497E+00,+1.673367E+00
-400.000E-03,+1.616457E+00,+1.673367E+00
-395.000E-03,+1.624497E+00,+1.665327E+00
-390.000E-03,+1.632538E+00,+1.649246E+00
-385.000E-03,+1.616457E+00,+1.633166E+00
-380.000E-03,+1.648618E+00,+1.633166E+00
-375.000E-03,+1.616457E+00,+1.633166E+00
-370.000E-03,+1.616457E+00,+1.673367E+00
-365.000E-03,+1.616457E+00,+1.633166E+00
-360.000E-03,+1.632538E+00,+1.649246E+00
-355.000E-03,+1.616457E+00,+1.673367E+00
-350.000E-03,+1.656658E+00,+1.713568E+00
-345.000E-03,+1.616457E+00,+1.665327E+00
-340.000E-03,+1.608417E+00,+1.649246E+00
-335.000E-03,+1.592337E+00,+1.657286E+00
-330.000E-03,+1.624497E+00,+1.633166E+00
-325.000E-03,+1.616457E+00,+1.673367E+00
-320.000E-03,+1.648618E+00,+1.633166E+00
-315.000E-03,+1.640578E+00,+1.657286E+00
-310.000E-03,+1.616457E+00,+1.633166E+00
-305.000E-03,+1.584296E+00,+1.641206E+00
-300.000E-03,+1.616457E+00,+1.633166E+00
-295.000E-03,+1.616457E+00,+1.673367E+00
-290.000E-03,+1.656658E+00,+1.649246E+00
-285.000E-03,+1.616457E+00,+1.649246E+00
-280.000E-03,+1.648618E+00,+1.633166E+00
-275.000E-03,+1.616457E+00,+1.673367E+00
-270.000E-03,+1.616457E+00,+1.665327E+00
-265.000E-03,+1.640578E+00,+1.649246E+00
-260.000E-03,+1.632538E+00,+1.689447E+00
-255.000E-03,+1.616457E+00,+1.641206E+00
-250.000E-03,+1.616457E+00,+1.633166E+00
-245.000E-03,+1.616457E+00,+1.609045E+00
-240.000E-03,+1.616457E+00,+1.673367E+00
-235.000E-03,+1.608417E+00,+1.633166E+00
-230.000E-03,+1.624497E+00,+1.673367E+00
-225.000E-03,+1.616457E+00,+1.673367E+00
-220.000E-03,+1.608417E+00,+1.641206E+00
-215.000E-03,+1.632538E+00,+1.649246E+00
-210.000E-03,+1.616457E+00,+1.689447E+00
-205.000E-03,+1.608417E+00,+1.641206E+00
-200.000E-03,+1.616457E+00,+1.673367E+00
-195.000E-03,+1.616457E+00,+1.633166E+00
-190.000E-03,+1.616457E+00,+1.649246E+00
-185.000E-03,+1.616457E+00,+1.633166E+00
-180.000E-03,+1.616457E+00,+1.673367E+00
-175.000E-03,+1.616457E+00,+1.633166E+00
-170.000E-03,+1.616457E+00,+1.641206E+00
-165.000E-03,+1.616457E+00,+1.657286E+00
-160.000E-03,+1.616457E+00,+1.649246E+00
-155.000E-03,+1.624497E+00,+1.601005E+00
-150.000E-03,+1.616457E+00,+1.673367E+00
-145.000E-03,+1.648618E+00,+1.665327E+00
-140.000E-03,+1.616457E+00,+1.673367E+00
-135.000E-03,+1.640578E+00,+1.673367E+00
-130.000E-03,+1.616457E+00,+1.641206E+00
-125.000E-03,+1.576256E+00,+1.633166E+00
-120.000E-03,+1.616457E+00,+1.641206E+00
-115.000E-03,+1.632538E+00,+1.657286E+00
-110.000E-03,+1.656658E+00,+1.657286E+00
-105.000E-03,+1.616457E+00,+1.673367E+00
-100.000E-03,+1.656658E+00,+1.673367E+00
-95.000E-03,+1.592337E+00,+1.633166E+00
-90.000E-03,+1.632538E+00,+1.673367E+00
-85.000E-03,+1.632538E+00,+1.649246E+00
-80.000E-03,+1.656658E+00,+1.665327E+00
-75.000E-03,+1.616457E+00,+1.633166E+00
-70.000E-03,+1.624497E+00,+1.665327E+00
-65.000E-03,+1.624497E+00,+1.673367E+00
-60.000E-03,+1.632538E+00,+1.673367E+00
-55.000E-03,+1.624497E+00,+1.673367E+00
-50.000E-03,+1.616457E+00,+1.673367E+00
-45.000E-03,+1.616457E+00,+1.673367E+00
-40.000E-03,+1.616457E+00,+1.673367E+00
-35.000E-03,+1.616457E+00,+1.673367E+00
-30.000E-03,+1.648618E+00,+1.641206E+00
-25.000E-03,+1.616457E+00,+1.633166E+00
-20.000E-03,+1.624497E+00,+1.665327E+00
-15.000E-03,+1.592337E+00,+1.649246E+00
-10.000E-03,+1.640578E+00,+1.673367E+00
-5.000E-03,+1.656658E+00,+1.641206E+00
